 5             16.79 
 7.2           11.5201007010682 
 2.5           13.2808056085456 
 7.1           11.2227189288414 
 3.6           14.8064448683647 
 5.6           10.3925876335249 
 1.5           13.301751430731 
 6.3           11.0945404663923 
 1.9           10.731558946918 
 3.9           9.9134110787172 
 6.8           10.7807010681992 
 6.3           11.3540331217731 
 1.9           16.8040114458482 
 3.8           7.9312402468336 
 5.5           7.29632373113855 
 12.3          13.0098661051722 
 28.5          17.2024715753438 
 53.2          20.1047443480626 
 73.9          21.0372886297376 
 90.4          32.8107086267782 
 102.9         31.6256085455934 
 114.1         39.3125925925926 
 126.6         47.1522649741849 
 137.3         43.7952298967794 
 144.4         60.2920915667854 
 155.1         63.6834541906122 
 165           67.3799219746688 
 171.7         87.8920991253644 
 179.6         100.170589849108 
 187.4         123.07599835231 
 195.6         153.408928841378 
 203           198.699985522722 
 212.8         237.989772602751 
 225.4         285.458894287874 
 236.7         330.427954784501 
 243.7         361.83755829904 
 257.2         407.538309037901 
 270.1         438.310811207493 
 282.5         475.735669014225 
 288.6         495.033486664507 
 303           504.734868364747 
 311.5         517.670418321356 
 322.7         529.250740740741 
 327.8         540.326439829312 
 342.1         545.928119793479 
 347.4         553.32638483965 
 359.7         558.141839174235 
 364.8         557.195087003643 
 377.9         561.766732534284 
 385.9         569.267379972565 
 395.3         569.627633524897 
 401.9         580.848097397689 
 417.3         572.56937579735 
 423.8         586.452072930289 
 434.9         582.666793002915 
 445           580.434140221638 
 455.5         585.554718792867 
 462.8         594.989132923011 
 474           588.897986818478 
 484.1         592.901884685679 
 494.7         595.961430731023 
 501.7         599.807229160918 
 513           603.009884181774 
 523.1         611.29 
 531.3         605.95 
 530.6         606.02 
 525           608.39 
 518.6         607.32 
 507.3         616.17 
 500.6         609 
 492.1         597.48 
 483           608.39 
 473.6         609.38 
 462.9         607.93 
 454.7         608.92 
 447.3         599.92 
 436.4         605.95 
 428           607.24 
 415.7         605.18 
 409           605.56 
 400.7         599.99 
 390.5         608.01 
 382.1         605.72 
 369.1         602.74 
 363.8         608.01 
 354.8         597.48 
 344.6         605.87 
 336.3         607.24 
 324.2         600.76 
 317.2         603.43 
 308.6         599.92 
 299.7         605.56 
 291.4         599.92 
 279           592.97 
 272.3         605.56 
 264.7         597.17 
 254.5         594.35 
 245.5         597.02 
 234.1         601.37 
 226.5         593.66 
 218.7         595.95 
 209.8         593.66 
 201.5         595.8 
 189.2         591.75 
 182.5         593.74 
 175.1         587.71 
 164.9         589.47 
 158.2         585.27 
 146.1         592.97 
 139.5         583.59 
 131.3         580.39 
 122           579.09 
 113.3         580.08 
 103.5         586.11 
 99.2          576.65 
 92.1          570.62 
 84.5          579.09 
 77.9          568.18 
 70.4          586.03 
 67            574.13 
 61.9          577.94 
 57.4          573.82 
 54            570.62 
 46.8          572.22 
 45.7          569.32 
 30.9          568.56 
 29.6          556.889921894684 
 27            563.51937515747 
 23.4          566.497891156463 
 23.4          560.845001259763 
-0.1           553.900236835475 
 0             558.093129251701 
 0             553.883209876543 
 0             555.240010078105 
 3.2           556.83306122449 
 0             557.4918946838 
 3.3           560.746041824137 
 0             552.405034013605 
 0             552.668402620307 
 3.8           550.875679012346 
 3.8           557.156394557823 
 3.9           557.630080624843 
 5             557.186268581507 
 4.5           554.824489795918 
 3.9           556.35427563618 
 5             553.285157470396 
 3.9           550.366666666667 
 3.8           556.588334593096 
 4.4           554.409692617788 
 0             557.030272108844 
-9.8           551.319604434366 
-31.8          547.277220962459 
-56.9          541.382653061224 
-78.6          528.545432098765 
-95.4          519.885089443185 
-111.4         511.361156462585 
-122.6         509.393164525069 
-132.7         502.37064499874 
-144           489.003129251701 
-152.4         475.540148652053 
-160.2         450.921234567901 
-165.6         437.115918367347 
-172.2         392.323731418493 
-179.7         333.024205089443 
-185.2         259.126870748299 
-198.1         177.651259763165 
-215.6         106.236903502142 
-237.1         59.6733333333333 
-255.3         38.1200806248425 
-265.4         26.536676744772 
-275.4         18.0626530612245 
-281.4         16.1275409423028 
-288           8.68087175610985 
-298           10.9721768707483 
-305.4         4.77098765432099 
-314.8         5.03683547493071 
-324.3         2.07925170068027 
-334.3        -0.452232300327539 
-343.2        -3.91808515998992 
-352.3        -8.09877551020408 
-363.6        -3.15477198286722 
-372.8        -12.2665432098765 
-381.7        -12.4845578231293 
-393.7        -15.1592844545226 
-402.6        -14.2911917359536 
-412.5        -16.7907482993197 
-421.6        -17.648422776518 
-432.5        -18.5346837994457 
-442.1        -29.07 
-457.4        -28.53 
-457.3        -29.22 
-460.4        -28.23 
-449.9        -34.87 
-447.6        -23.65 
-437.7        -28.92 
-427.8        -33.27 
-418.1        -29.22 
-412.4        -28.53 
-400.1        -41.12 
-390.9        -33.27 
-383          -30.67 
-373.9        -23.65 
-363.4        -26.47 
-354.3        -27.39 
-343.2        -25.86 
-334.8        -28.99 
-325.8        -25.25 
-315.3        -28.53 
-307.8        -19.15 
-297.7        -29.22 
-289.2        -29.45 
-278.2        -23.65 
-269.5        -19.46 
-261.8        -22.28 
-251.4        -19.46 
-241.8        -25.03 
-234.5        -19.15 
-225.5        -22.28 
-214.4        -16.71 
-207.1        -17.78 
-201.5        -13.58 
-188.4        -17.09 
-178.9        -16.1 
-169.5        -15.34 
-166.1        -13.89 
-150.1        -15.64 
-143.6        -12.13 
-134.4        -9.69 
-130.9        -13.58 
-115.2         0.23 
-111.6        -4.12 
-99.4         -5.87 
-97.1         -9.77 
-83.7          0.08 
-80.9          0.76 
-72           -4.88 
-70.4         -3.81 
-59.3          0.08 
-57            5.65 
-51            0.38 
-46.9          0.15 
-43            1.3 
-41.3          6.87 
-36.3          2.82 
-33.3          5.04 
-30.7          8.32 
-30.1          15.41 
-25.1          8.93 
-0.4           5.8 
-1.1           10.22 
