 7.7           11.52 
 6.7           7.71012357676757 
 7.1           14.0409886141405 
 1.8           15.7233365727243 
 7.2           11.2279089131243 
 3.5           15.575447095946 
 6.3           13.6866925817946 
 1.5           14.7723868312757 
 6.3           11.2832713049947 
 1.7           15.5000874635569 
 3.9           10.2735767675677 
 0.7           13.1344806776326 
 6.3           11.433540654357 
 1.6           15.8314981583462 
 4.7           13.0790946502058 
 13.3          10.947071590541 
 33.4          12.0261704399573 
 52.4          25.7871326590601 
 74            27.6506997084548 
 91            30.9076130487468 
 104.3         40.4386141405416 
 113.2         46.0044444444444 
 125           47.7758454210608 
 136.7         51.2535585309962 
 147           63.1283252348559 
 153.9         62.6608869932453 
 163.9         71.0719852667699 
 171.8         87.422361516035 
 179.7         100.752757201646 
 187           131.493913784209 
 195.2         157.526572724328 
 203.1         199.911475482609 
 213.7         246.209363519658 
 224.6         289.79097829608 
 237.1         336.977061272481 
 248.5         373.278353909465 
 257.8         416.315597667638 
 269.3         446.409534007607 
 282.1         464.410904389975 
 292.4         490.130450275348 
 298.7         511.008913124333 
 311.6         526.187034397533 
 322.8         530.255555555556 
 331.9         538.935218059005 
 335.9         543.836763368487 
 350           550.140932944606 
 359           555.108468247969 
 369.4         569.720110739181 
 373.6         568.946601878847 
 388.9         571.428683127572 
 394.2         573.017095945962 
 407.5         577.242581794623 
 411.9         575.105882134159 
 427           576.807738425176 
 433.5         590.91889212828 
 444.1         589.810084704076 
 450.8         594.072057613169 
 466.1         591.065552316164 
 473.6         605.951310273669 
 483.7         605.770072946286 
 493.9         608.452581794623 
 503.9         606.909578279283 
 512.8         620.441803860874 
 524.6         611.29 
 530.1         608.31 
 530.6         609.68 
 524.2         608.39 
 517.9         607.24 
 508.9         611.13 
 499.9         613.27 
 492.1         597.48 
 482.3         605.95 
 473.1         609.38 
 462.6         611.13 
 454.7         605.95 
 447.5         604.8 
 436.4         605.87 
 428.1         606.94 
 417.6         602.74 
 408.8         608.31 
 400.7         599.99 
 391.2         595.57 
 382.1         599.92 
 372.2         611.13 
 363.8         605.87 
 355           599.92 
 344.6         605.56 
 336.2         599.92 
 326.1         601.37 
 317.4         603.12 
 310.6         599.92 
 299.6         593.74 
 291.3         595.95 
 282.4         597.86 
 273           593.66 
 264.9         587.71 
 254.7         593.66 
 246           597.17 
 236.3         591.6 
 228.1         593.74 
 221           595.95 
 209.8         588.85 
 201.5         590.15 
 192.5         590.99 
 184.1         588.78 
 175.2         587.71 
 165.9         588.47 
 158.5         577.64 
 149.4         586.72 
 139.6         574.82 
 132.2         577.94 
 123.6         583.9 
 115.5         580.39 
 108.4         576.95 
 98.5          574.21 
 92.2          580.39 
 84.5          574.82 
 79.3          576.42 
 72            573.44 
 67            569.93 
 62.9          570.31 
 57.5          573.82 
 54.6          568.18 
 50.7          571.46 
 46.7          569.93 
 30.3          563.68 
 27.3          566.809883421917 
 26.4          566.649067375333 
 21.1          561.68685239175 
 23.2          566.492539002668 
 1.1           558.775427739585 
 2             551.744819134003 
 1.3           558.140013717421 
-2.3           562.24031202134 
 2.3           559.39501457726 
 2.3           558.67342191668 
 3.7           557.034834571101 
 3.1           556.688553072023 
-2             566.243877950945 
 2.8           558.860109739369 
 3.1           558.706548968794 
 3.3           566.33249617072 
 3.1           558.217251876647 
-0.4           565.900116618076 
 3.3           558.680390926506 
 3.8           558.467375333437 
 3.7           556.19037037037 
 3.8           555.488676568805 
-0.4           561.341594460241 
 0.9           557.56842457618 
-11.8          556.35846744812 
-34.3          553.771023607562 
-59.5          544.905393586006 
-84.5          540.820877914952 
-97.8          524.8967771259 
-113.3         516.282391750351 
-125.2         507.327022319804 
-135.6         504.079969365759 
-148.7         492.500533419717 
-154           476.768015013178 
-161           454.301714677641 
-168           427.080932944606 
-172.7         386.864970345575 
-183           334.033127412047 
-188           256.844704675521 
-199.3         168.629002667499 
-217.9         102.215321919479 
-239.1         56.362962962963 
-260.2         50.0912263294501 
-267.3         27.0694125504405 
-275.9         22.5668221574344 
-282.9         15.8927556819318 
-291.5         8.72651365543278 
-302.8         11.6773966094374 
-307.9         8.94470507544582 
-316.5         5.26773958495803 
-325.8        -1.50419933052586 
-336          -0.221811139505771 
-349.7         2.32420468951837 
-355.5        -14.0868513119533 
-364.1        -9.55567861242087 
-375          -15.0529766803841 
-385.3        -19.5294449843429 
-398.5        -22.5957829927974 
-403.5        -26.0026901742472 
-413.1        -27.9308659971925 
-423.6        -33.4010099301331 
-434.2        -32.363821441569 
-441.5        -29.07 
-446.5        -31.66 
-449.9        -29.07 
-449.2        -31.36 
-446.2        -36.93 
-438.7        -33.11 
-430.4        -37.31 
-425.2        -33.49 
-413          -38.99 
-401.8        -36.16 
-395.1        -28 
-390.7        -28.23 
-373.1        -29.07 
-367.4        -31.28 
-357.2        -27.54 
-351.5        -28.23 
-337.6        -34.79 
-334.3        -21.97 
-320          -27.54 
-315.9        -24.26 
-301.5        -29.22 
-298.9        -23.65 
-286.2        -31.66 
-279.7        -26.09 
-264.4        -27.54 
-260.1        -21.97 
-250.2        -25.1 
-238.7        -24.26 
-230.5        -25.1 
-224.7        -14.5 
-212.2        -19.15 
-203.5        -22.28 
-195.5        -16.63 
-186.5        -13.89 
-177          -16.71 
-166.9        -19.84 
-159.4        -14.19 
-151.2        -17.4 
-141.8        -15.49 
-131.7        -13.89 
-123.1        -16.02 
-116.1        -21.97 
-107.6        -14.19 
-99.9         -13.89 
-92.9         -16.02 
-84.8         -3.36 
-77.5          0.08 
-70.4         -7.93 
-65.6         -6.26 
-59.5         -3.36 
-54.7          0.08 
-48.6         -5.57 
-49.3          5.04 
-43.1         -2.75 
-39.2          1.07 
-35.7          1.75 
-37.2          5.04 
-28.9          0.23 
-26.8          5.34 
-24.1          3.89 
-5.2           5.95 
-0.1           4.2 
