 6.7           8.39 
 5             24.5700805448576 
 5.9           10.9106443588605 
 7.9           6.8721747111543 
 4.7           12.5951548708843 
 5.5           11.3000681071958 
 4.7           7.87739768923442 
 5.5           7.0476268861454 
 4.7           9.65123896707419 
 3.9           12.2687172011662 
 4.7           8.47054485756678 
 5.1           7.12720520542138 
 4.5           8.52918151387539 
 3.9           12.0769570520742 
 7.7           8.61101508916324 
 22.9          14.2318388942879 
 46.7          22.6799117365935 
 68.2          25.1157168852256 
 88.5          33.2797376093294 
 103.9         34.0424571780505 
 111.9         40.7743588605342 
 126.8         40.1159259259259 
 139.2         48.317641643371 
 150.7         61.029989282015 
 155.8         70.5434521110031 
 170           80.8385133994809 
 177.3         92.8156564165937 
 186.6         113.815364431487 
 189           148.108120713306 
 203.4         181.644408531196 
 208.9         233.654711154303 
 224           275.239511851772 
 232           329.869293892748 
 249.3         358.664540546377 
 258.8         409.215735081805 
 270.4         440.863360768176 
 279           470.847900874636 
 296.2         487.41983867033 
 304.9         517.889657424404 
 315.4         524.887840406004 
 327.3         528.394870884274 
 338.2         537.11123212836 
 345.3         548.887407407407 
 356.3         548.183879990562 
 366.8         554.671133146968 
 376.6         557.739650145773 
 384.4         570.13991425612 
 396.3         565.552408747156 
 407.4         570.597616888025 
 418.5         576.286021947874 
 425.8         576.568107195847 
 437.3         575.204355901091 
 448.9         582.785251332749 
 459.6         586.731276759969 
 468           581.242915451895 
 479.1         583.260650677673 
 489.9         591.094965706447 
 501           589.736343807364 
 510.2         594.345268249569 
 522           591.362222302207 
 533.5         602.667689234424 
 543           607.062152315365 
 551.9         607.286094814175 
 565           613.88 
 571.6         619.53 
 568.1         620.9 
 564.9         619.14 
 553.8         621.05 
 546.7         618.76 
 538.4         619.3 
 526.5         621.05 
 518.8         619.45 
 505.6         622.12 
 497.9         615.1 
 488.3         616.7 
 477.6         621.05 
 470           616.7 
 456.7         620.9 
 449.8         613.88 
 439.9         616.7 
 427.4         620.9 
 420.3         615.48 
 407.9         620.9 
 400.2         609 
 391.9         615.48 
 379.9         612.51 
 371.6         615.33 
 359.1         616.17 
 351.4         610.83 
 343.1         609.68 
 329.8         612.66 
 323.5         609.68 
 310.3         612.35 
 303.3         608.92 
 295           616.55 
 282.8         611.13 
 275.7         606.94 
 263.3         603.05 
 254.7         605.87 
 246           599.61 
 234.1         596.48 
 227.8         597.17 
 214.5         602.74 
 207.9         595.57 
 199.1         602.44 
 188.5         601.37 
 180.9         597.48 
 167.9         601.37 
 161           593.66 
 151.8         595.8 
 140.3         591.6 
 135           595.8 
 122.7         601.37 
 116.1         588.78 
 108.7         580.46 
 95.7          591.53 
 92.1          581 
 83.1          586.11 
 78            579.09 
 72.7          580.08 
 64.4          586.11 
 64.5          581.07 
 56.3          586.11 
 53.6          574.97 
 50.3          577.64 
 32.1          566.88 
 30.9          572.069899018985 
 28.2          569.319192151876 
 27.3          567.71727351258 
 25.1          563.973537215004 
-0.2           566.487377373054 
 0             562.278188100637 
 0             566.77536351166 
 0             566.448297720029 
 0             563.60638483965 
 0             566.399018984431 
 0             563.545594268278 
 0             566.635504805097 
 0             566.428144708795 
 0             562.182908093278 
 0             566.159189072454 
 4.9           561.886381760229 
 0             566.003880270509 
 3.9           560.261078717201 
 7.8           562.827371214212 
 0             554.472151875447 
 5.1           562.584814814815 
 4.5           563.284754146221 
 0             559.621363983571 
-16            551.294038440773 
-42.2          552.712171631733 
-67.2          542.375157670358 
-89.1          533.762390670554 
-105.6         525.373264746228 
-119.5         520.777174011286 
-133           510.363512579635 
-142.9         504.891674565182 
-153.5         487.501054081833 
-160.9         469.331045243494 
-166.9         432.751042164073 
-174           384.930438957476 
-178.7         323.208629737609 
-190.5         242.54500861838 
-203.9         162.238969713694 
-225           87.6999071374582 
-250           52.5872150035793 
-263.7         32.8702874259639 
-274.6         27.1585185185185 
-281.8         25.4613023951497 
-288.9         21.4580331697641 
-299           18.7181049562682 
-307.5         15.5009118685687 
-318.4         11.8658480205721 
-325.9         8.59230752618508 
-336.3         3.52968449931413 
-347.1         6.98737305386587 
-357.7         1.9447673037469 
-368.6        -8.24873863713622 
-379          -5.04375065487688 
-390.7        -10.8608746355685 
-401.5        -13.2907164653045 
-411          -12.7738820301783 
-422.3        -18.3209772162833 
-431.4        -19.472607909713 
-443.7        -20.6593799965606 
-454.3        -21.4318993629198 
-463.8        -22.8407718948838 
-476.6        -23.986603478546 
-486.6        -34.1 
-495.5        -35.63 
-500.9        -38.15 
-500.2        -38.53 
-491.8        -34.1 
-487.5        -36.24 
-477.4        -37 
-467          -36.16 
-457.4        -38.91 
-448.7        -35.63 
-438.3        -36.62 
-427          -33.72 
-418.5        -39.06 
-407.7        -31.36 
-397.4        -41.81 
-386.2        -33.72 
-376.7        -29.07 
-370.6        -33.42 
-358.3        -32.04 
-346.9        -36.16 
-337.5        -27.85 
-331.5        -28.23 
-317.1        -29.07 
-307.8        -30.67 
-297.6        -27.85 
-291          -19.46 
-277.9        -28 
-271.8        -23.65 
-258.5        -25.1 
-253.4        -18.46 
-238.9        -27.85 
-232.7        -22.43 
-220.4        -24.49 
-214.2        -13.89 
-199.8        -25.1 
-193.7        -23.5 
-182.8        -19.15 
-171.9        -14.5 
-161.7        -19.46 
-155.2        -23.5 
-144.7        -16.48 
-134.8        -14.5 
-126.2        -11.14 
-119.5        -4.12 
-108.6        -15.26 
-99.7         -14.5 
-91.3         -11.14 
-83.8         -7.71 
-77.3          0.08 
-69.2          0.08 
-63.9         -6.26 
-59.4         -8.47 
-54.7          0.08 
-49.2          0.15 
-46.1         -1.98 
-43            1.3 
-39.1          0.08 
-35.2         -0.99 
-31.2          3.13 
-30.2         -2.75 
-1.2           1.07 
-0.6           9.84 
