 7.2           13.66 
 6.7           12.6700781053162 
 5.3           11.0606248425296 
 6.4           9.61210884353742 
 7.1           9.84499874023684 
 1.8           10.5397631645251 
 5             11.3068707482993 
 4.7           8.41679012345679 
 6.1           11.2599899218947 
 1.5           10.8869387755102 
 6.1           11.2981053162006 
 4.7           8.49395817586294 
 3.9           11.3549659863946 
-2             15.2815973796926 
 10            10.2043209876543 
 21.1          17.0536054421769 
 47.3          21.2999193751575 
 65            25.8637314184933 
 89.1          31.5055102040816 
 101.7         39.7557243638196 
 115.5         42.5148425296044 
 122.8         45.7333333333333 
 139.1         53.5516654069035 
 146.2         65.1903073822121 
 158.5         69.9797278911565 
 167.7         76.6003955656337 
 178           89.8027790375409 
 183.2         118.877346938776 
 192.2         143.324567901235 
 201.1         183.334910556815 
 210.8         225.348843537415 
 220.6         281.416835474931 
 234.8         318.04935500126 
 247.7         364.296870748299 
 260.6         402.099851347947 
 270.6         433.128765432099 
 282.5         462.034081632653 
 294.9         489.356268581507 
 307.2         505.855794910557 
 316           518.873129251701 
 327           532.738740236836 
 337           539.763096497858 
 348.2         541.696666666667 
 355.4         545.469919375157 
 366.8         552.093323255228 
 377.2         555.767346938776 
 387.3         562.882459057697 
 396.1         564.83912824389 
 407.2         563.917823129252 
 417.9         570.039012345679 
 423           576.953164525069 
 436.7         574.04074829932 
 449.3         580.232232300328 
 459.9         588.04808515999 
 465.4         587.118775510204 
 479.9         589.264771982867 
 490.1         587.926543209877 
 502.2         594.924557823129 
 507.4         601.269284454522 
 521.9         593.981191735954 
 529.3         603.59074829932 
 543           605.138422776518 
 548.8         609.524683799446 
 561.9         609.68 
 565.9         616.17 
 567           613.27 
 558.7         612.81 
 551.6         613.88 
 542.9         615.48 
 530.4         620.9 
 522.4         613.88 
 510.9         620.29 
 502.5         613.27 
 493.5         617.01 
 481.6         621.05 
 474.2         613.88 
 462.1         616.17 
 454           613.88 
 445.2         615.48 
 433.2         610.52 
 426.3         613.88 
 413.7         620.9 
 406.8         613.19 
 397.2         615.48 
 384.5         612.51 
 377.5         609 
 365.2         620.29 
 358           608.39 
 349.7         609.68 
 337           620.9 
 329           609 
 317.6         611.13 
 309.4         608.92 
 300.7         607.24 
 290           602.74 
 282.1         605.87 
 270.6         605.18 
 262.6         605.56 
 253.8         602.36 
 241.4         602.74 
 234.2         598.62 
 222.8         602.59 
 215.4         608.31 
 206.5         599.61 
 195.4         600.76 
 187.4         598.54 
 175.7         600.76 
 168.8         593.74 
 159.6         587.71 
 148.6         592.82 
 141.5         593.66 
 130.6         592.82 
 123.8         586.34 
 116.5         587.71 
 103.5         586.03 
 98.5          586.34 
 89.1          586.64 
 82.9          588.85 
 78.4          580.39 
 69.9          591.6 
 67.2          579.09 
 59.3          586.11 
 57.4          579.01 
 54            576.42 
 46.8          586.03 
 34.4          568.18 
 31.7          569.929882862022 
 29.6          567.869062896175 
 27            563.676837274592 
 23.4          567.482503169404 
 0             566.485357752743 
 0             566.474698196739 
 0             566.609821673525 
 0             562.240025355233 
 0             566.414606413994 
 0             560.73286202194 
 0             566.654089351202 
 0             566.297585573912 
 4.9           557.162647862202 
 0             559.848573388203 
 3.4           560.454659324047 
 4.5           563.880202841866 
 3.8           557.834501113791 
 5             562.836851311953 
 0             565.696550608486 
 3.9           559.912896175519 
 0             554.125185185185 
 3.9           559.602714809616 
 0             560.874782220942 
-14.8          565.260684591297 
-39.1          549.259719092811 
-65.6          543.461182897615 
-84            536.274373177843 
-103.6         529.748587105624 
-118.3         513.363121853092 
-129.6         506.417274592377 
-141.8         493.200342495611 
-150.2         486.211622734926 
-159           459.820412482453 
-165.5         433.486008910325 
-169.9         389.807709190672 
-179.8         330.004810495627 
-185.3         257.82660999732 
-201.5         166.612404867885 
-221.8         98.4214922794515 
-242.3         61.093169404152 
-260.9         39.3867334141181 
-270.2         27.3314814814815 
-279.6         20.8967107783737 
-289.2         17.9417184769263 
-294.7         13.0558017492711 
-305.1         11.6382577675397 
-314.1         8.81838370386368 
-324.3         11.6154767303747 
-336           5.82883401920439 
-343.9         4.96775274248442 
-354.7         4.0715300723464 
-363.9        -6.63053681907801 
-375.3        -10.4191507596572 
-385.9        -13.1850145772595 
-395.1        -15.2888310997532 
-405.7        -20.1913031550069 
-418          -20.2431335708887 
-428.1        -22.705025175267 
-438.7        -23.9776807960103 
-449.3        -25.2218032609869 
-461.1        -26.5080953980652 
-469.5        -27.8372600351134 
-481.6        -36.16 
-490.2        -34.87 
-500.1        -38.3 
-495          -36.62 
-487.7        -30.67 
-481.2        -37.23 
-478.6        -34.03 
-461.5        -39.67 
-454.1        -36.16 
-443.2        -29.22 
-437.9        -33.11 
-422.5        -40.06 
-416.4        -32.04 
-403.1        -44.63 
-398.8        -33.11 
-383.5        -34.87 
-377.3        -23.5 
-364.9        -31.36 
-359.4        -30.67 
-344.3        -34.87 
-338.2        -23.65 
-325.4        -31.36 
-314.8        -28.53 
-302.7        -34.87 
-299.6        -27.31 
-286.4        -26.32 
-275.8        -29.15 
-266.1        -28.23 
-260.1        -22.43 
-247.8        -25.25 
-236.7        -24.26 
-229.7        -19.46 
-219.6        -22.28 
-208.7        -19.46 
-199.3        -23.65 
-190.6        -16.71 
-180.3        -20.45 
-171.1        -19.15 
-162.1        -14.57 
-151.8        -11.83 
-143.4        -17.4 
-133.8        -14.27 
-122.8        -8.32 
-117.2        -11.75 
-107.5        -17.4 
-97.1         -11.14 
-90.4         -5.87 
-87.3         -6.26 
-76.3         -9.69 
-70.5          0.08 
-63.1         -0.99 
-62            0.15 
-52.5          0.08 
-49            0.08 
-44.5         -4.88 
-45.8          1.07 
-36.8          0.08 
-37.4          5.65 
-32           -5.57 
-33.4          5.04 
-0.7           11.52 
-2.8           10.53 
