 7.7           9.99 
 6.7           19.6101092194667 
 6.8           10.6808737557339 
 6.7           8.39294892560199 
 6.3           11.5269900458714 
 1.6           15.6536524333425 
 5             11.9235914048159 
 5.7           8.42746227709191 
 6.1           11.275920366971 
 1.5           15.7996209912536 
 6.7           10.0992194667403 
 6.4           8.53537111023128 
 6.1           10.0287312385272 
 1.5           15.6499551684283 
 17.8          10.2896982167353 
 34.8          20.8186157002484 
 61.9          23.8673629357681 
 78.1          30.9065952400949 
 101.5         31.3869679300292 
 112.9         54.6191363223714 
 126.7         47.643755733922 
 135.3         55.4914814814815 
 151.6         54.1929688818502 
 159.8         75.3388732518287 
 170.8         82.1598499082173 
 180.8         95.3965541678164 
 189.7         123.309641347427 
 195.4         165.579766763848 
 206.8         200.687585733882 
 219.4         252.383753574328 
 231.1         298.748925601987 
 241.8         354.903757133659 
 256.6         382.618903486145 
 270.6         429.505019976244 
 283.7         461.922761920759 
 292.9         488.402784636488 
 306.6         505.985743440233 
 318.3         520.222293648794 
 330.7         536.173090578971 
 339.8         543.678789547565 
 350.4         542.900045871376 
 361           555.337514867205 
 372.1         562.381851851852 
 382           562.593712142117 
 393.4         564.583751054802 
 404.6         578.132623906705 
 414           579.950986014629 
 424.9         580.209492695373 
 437.3         581.398799265738 
 448.7         590.789561042524 
 454.6         590.912433342532 
 468.2         595.178071482561 
 481.1         594.977130779414 
 493.5         597.260266549889 
 499.5         604.218134110787 
 514.1         598.56138877891 
 524.3         605.520685871056 
 537.4         607.936680704028 
 543.5         612.300028594624 
 558.5         610.141384859646 
 567.5         616.561404815895 
 581.3         620.740743780169 
 587.5         617.940057069271 
 604.9         624.33 
 609.1         624.71 
 610.2         623.65 
 601.3         625.02 
 594.6         630.97 
 585.3         620.14 
 572.2         624.71 
 564.3         623.65 
 551.8         622.27 
 543.5         621.36 
 533.2         624.33 
 520.6         622.27 
 512.3         623.65 
 499.5         621.05 
 490.8         623.65 
 480.4         624.33 
 468.5         622.27 
 460.5         618.76 
 447.2         622.27 
 440           623.65 
 429.1         619.45 
 417.1         621.05 
 408.8         615.1 
 396.1         621.05 
 386.6         615.63 
 377.4         617.01 
 364.9         620.29 
 356.3         618.76 
 344.9         620.9 
 335.8         613.88 
 326.5         616.7 
 313.7         612.35 
 304.7         613.19 
 294.1         620.29 
 285.7         613.88 
 275.7         609.68 
 263.2         611.29 
 254.7         608.31 
 243.2         610.52 
 234.2         608.31 
 224.9         597.48 
 212.4         616.02 
 204           605.87 
 192.6         605.03 
 184.4         605.56 
 175.1         597.48 
 161.8         601.37 
 155.1         594.35 
 142.5         601.98 
 132.8         593.66 
 128.2         597.48 
 114.9         596.64 
 108.2         594.27 
 97.4          591.6 
 92.3          589.47 
 85.2          587.71 
 75.9          591.6 
 73.1          588.85 
 64.4          591.6 
 62.3          583.97 
 58            585.27 
 52.4          590.99 
 35.1          566.65 
 32            574.209885261571 
 31            577.939082092567 
 29            576.946902062412 
 27.9          574.812656740533 
-0.1           570.605657696353 
-0.2           566.785216499298 
 0             567.830644718793 
 0             572.011253924262 
 0             567.336355685131 
 0             566.535261570825 
 0             566.657283150768 
 3.3           567.671731994385 
 0             571.897919671102 
 0             568.935157750343 
 3.8           566.112757801533 
 0             568.470031394098 
 4.4           567.306290097462 
 3.8           563.01084548105 
 0             565.713009114286 
 3.9           575.352092566597 
 0             554.217407407407 
-0.7           566.958265206141 
-19.8          562.283977532224 
-47.1          556.14385595508 
-71.9          546.547212044136 
-93.2          533.733357368815 
-110.9         528.991603498542 
-125.8         520.721262002744 
-139.8         507.851644450843 
-149.1         496.262062412267 
-159.6         470.611827456438 
-165.7         439.900251152783 
-173.9         401.926645070727 
-180.8         335.240320779693 
-188.2         249.220589849108 
-206.2         159.216763848396 
-228.1         95.5881543469828 
-252.3         59.1640729142921 
-268.7         47.3638311197495 
-277.9         33.4767405327798 
-289.1         31.2321127228081 
-294.7         22.5492592592593 
-303.6         20.9374917115582 
-315.8         23.03612164913 
-324.9         13.2744606413994 
-336.1         8.74182025779154 
-347.7        -1.92248793226873 
-357.7         3.94084764064356 
-368.6         6.11113854595336 
-379.6        -0.382303646914378 
-391.8        -2.55016736853471 
-402.9        -6.1431410494827 
-413          -10.2119131203334 
-425          -10.6671720116618 
-435.3        -17.339606154043 
-448.7        -16.7199039780521 
-458.7        -21.1687539142641 
-471.1        -16.7368443932541 
-482.6        -23.484863845597 
-492.9        -24.703500701868 
-507.9        -25.9634433926422 
-516.2        -42.6853803484945 
-526.6        -38.61 
-539.2        -33.95 
-547          -38.91 
-541.2        -41.81 
-534.4        -42.88 
-527.4        -40.06 
-519.9        -43.87 
-504.5        -44.63 
-495.3        -35.55 
-482.4        -37.31 
-478.6        -38.3 
-461.7        -39.75 
-455.4        -32.04 
-442.1        -37.31 
-435.6        -34.03 
-419.7        -39.75 
-412.4        -33.27 
-399.6        -36.09 
-392.9        -33.42 
-376.7        -44.63 
-370          -28.38 
-357.2        -35.02 
-346          -33.42 
-333.7        -29.22 
-328.4        -32.04 
-316.4        -36.01 
-303.6        -38.3 
-296.1        -31.28 
-287.4        -23.65 
-274.6        -31.21 
-264.2        -22.43 
-253.4        -30.67 
-243          -27.77 
-232.2        -26.47 
-221.6        -23.65 
-212.3        -28.84 
-203.2        -22.28 
-190.9        -19.15 
-179.6        -24.26 
-172.9        -17.01 
-161          -22.28 
-151.5        -17.01 
-140.4        -15.34 
-133.9        -11.83 
-123.2        -14.34 
-112.7        -16.02 
-105.5        -8.47 
-101.6        -9.92 
-88.7         -13.96 
-79.5         -13.58 
-74.3         -5.87 
-72.3         -4.12 
-60.3          1.75 
-56.8          0.08 
-51.5         -8.01 
-52.8          5.65 
-43.5          0.08 
-41.9         -4.12 
-35.9         -4.88 
-39.1          1.07 
-0.7           3.89 
-4.3           5.8 
