 4             15.64 
 5.7           12.2101366943015 
 6.7           8.39109355441177 
 7.1           4.20369074613973 
 2.5           20.6087484352942 
 7.1           11.5370867876839 
 6.4           8.41952596911781 
 6.1           13.7068861454047 
 1.5           13.3499874823533 
 6.1           14.0596501457726 
 3.1           15.5466943014713 
 6.1           11.7019401152583 
 0.7           15.6462077529424 
 6.3           11.5203173803325 
 11.4          17.1650891632373 
 34            13.0513432674657 
 54.7          25.6598998588265 
 81.5          30.0415791031286 
 95.4          40.0172011661808 
 112.2         40.3875862137918 
 126.1         40.2335544117706 
 139           51.8459259259259 
 146.2         65.8455209220667 
 159           69.3331595660016 
 169.6         80.9296620235396 
 178.3         100.485848460489 
 184.8         125.16253904266 
 195.1         146.13055393586 
 204.7         190.840713305899 
 217.3         245.423837318584 
 227.5         284.080746139726 
 240.3         329.172259935132 
 253.6         372.689198870612 
 265.5         417.902383111975 
 276.8         446.972632825029 
 289           475.080768175583 
 302.4         491.777609329446 
 315           508.493976452427 
 324.2         525.400689710334 
 335.8         538.288569268977 
 347           547.628435294165 
 356.3         554.331107951705 
 366.2         557.937407407407 
 377.5         556.38815382708 
 389           569.754167376533 
 393.1         574.836268221574 
 406.2         572.095276528013 
 419.5         568.862012461657 
 431           582.837296188317 
 436.1         587.5419478738 
 451.5         585.266787683915 
 460.9         591.952635784473 
 473.9         597.16031234128 
 479.1         606.380637520146 
 494.4         599.464431486881 
 501.9         608.852514407291 
 515.9         604.395706447188 
 521.5         612.034827772379 
 537.9         605.530698548673 
 544.9         619.064138941879 
 554.6         609.755969117806 
 575.8         622.017009242262 
 600           617.848079481058 
 617.8         630.97 
 627.8         627.84 
 626.4         625.32 
 619.9         625.1 
 609.4         627.46 
 597.2         626.24 
 589.3         627.54 
 577.9         627.16 
 567.4         625.1 
 555.8         625.1 
 542.6         626.09 
 535           625.1 
 524.6         625.1 
 513.9         625.4 
 502.9         625.93 
 488.8         625.1 
 481.2         627.99 
 470.8         625.1 
 460.2         625.4 
 448.9         625.1 
 435.1         625.17 
 428.2         625.48 
 417.4         625.1 
 407.1         625.1 
 395.6         625.25 
 382.4         613.88 
 374.9         618.08 
 364.4         616.78 
 354.3         615.79 
 342.9         612.51 
 329.8         613.88 
 323           615.79 
 311.7         612.51 
 301.6         608.46 
 290.5         612.51 
 277.9         613.88 
 270.3         615.79 
 259.7         602.44 
 249.8         606.02 
 238.2         607.01 
 225.5         610.52 
 218.5         610.98 
 207           602.74 
 198           605.56 
 186.9         602.74 
 174.4         601.67 
 167.8         596.26 
 157.4         597.86 
 148.2         599.92 
 137.8         595.8 
 125           595.87 
 119.4         590.23 
 109.3         595.8 
 101.4         579.24 
 92.9          592.9 
 83.6          594.35 
 80.3          586.34 
 73.6          586.26 
 68.6          580.46 
 63.6          587.25 
 56.2          587.02 
 54.7          580.39 
 32.9          586.72 
 34.5          577.939895339676 
 29            586.109162717409 
 29.8          574.817174171256 
 26.8          580.073301739273 
-2.7           581.826917459518 
 2.2           576.247393370046 
-2.2           585.994101508916 
 0.8           569.876413914184 
 2.3           577.413702623907 
-0.3           573.185339676141 
 3.2           576.280697108944 
 1.1           573.259146960371 
 2.7           569.090061268482 
 3.3           577.202812071331 
 1.2           573.086771406976 
 3.3           575.991311313473 
 1.6           576.43580382888 
 4.5           568.709620991254 
 3.3           575.70213483865 
 1.6           580.392717409127 
 3.3           575.450740740741 
-6.2           575.995576871548 
-24.6          567.976597839606 
-51.5          559.403175682972 
-80.4          555.784682439701 
-98.4          546.810490147852 
-117.1         532.319970845481 
-130.1         525.442496570645 
-144.6         515.1174393614 
-156.6         495.384171255804 
-161.7         475.492064291913 
-171.9         441.070490507785 
-175.2         384.818821941475 
-184.1         307.706430631041 
-198.1         225.77268861454 
-214.9         132.376967930029 
-244.2         87.6286406155643 
-260.9         55.6770787092027 
-274.1         44.0716542490012 
-287.4         38.1617392730167 
-293.6         33.296705819306 
-304.5         32.0759259259259 
-313.6         24.4087716309334 
-324.3         22.1346149723852 
-334.8         24.7228279883382 
-344.5         19.1827827168492 
-359.4         5.92385119597515 
-368.3         10.7754054637728 
-379.5         1.64681755829904 
-392.9         12.1674595176107 
-403           7.67033797646057E-02 
-416.3         0.843921182817629 
-425.2        -7.19151503517339 
-435.3        -12.2802332361516 
-453.2        -11.7628613820602 
-459          -14.1800274348422 
-475.4        -12.512359356441 
-485.5        -17.5204851087995 
-496.6        -20.0450326538611 
-510.1        -17.5666299535687 
-520.1        -31.7659049698657 
-533.5        -27.843485664695 
-547.2        -33.42 
-554.9        -40.97 
-555.7        -38.3 
-555.4        -44.63 
-553.1        -33.42 
-540.8        -44.63 
-530.2        -38.91 
-523.5        -36.55 
-513.7        -34.03 
-497.8        -39.9 
-486.6        -38.91 
-477.7        -30.75 
-465.5        -43.64 
-454.3        -43.95 
-443.6        -37.08 
-433          -35.63 
-422.5        -36.93 
-409.6        -35.63 
-397.4        -33.49 
-389.8        -38.61 
-379          -29.22 
-366.4        -36.24 
-356.2        -37.31 
-345.2        -31.36 
-334.6        -29.22 
-323.4        -31.36 
-313.2        -27.54 
-305.2        -28.23 
-293.1        -27.16 
-280.7        -30.67 
-270.1        -25.41 
-265.7        -23.35 
-250          -29.07 
-237.7        -30.67 
-227.6        -25.03 
-221.1        -28.23 
-207.1        -27.54 
-198.1        -13.96 
-185.3        -24.49 
-180          -18.46 
-164.6        -20.52 
-158.5        -13.89 
-146.2        -11.83 
-140.7        -6.56 
-123          -15.34 
-119.4        -13.73 
-108.6        -11.83 
-99.6         -12.67 
-89.4         -15.26 
-84.8         -4.12 
-75.8         -6.94 
-68.7          0.08 
-63.9         -11.14 
-60.9         -3.97 
-54.7         -11.83 
-49.1         -12.51 
-46.1         -6.26 
-43           -7.63 
-39.2         -2.06 
-35.4          5.57 
-3             7.4 
-2.8           2.14 
