 7.2           11.29 
 6.6           10.3001293756774 
 7.9           10.681035005419 
 6.7           12.5934931432891 
 5.7           11.2982800433518 
 6.7           8.40617195967158 
 5.6           7.04794514631249 
 4.7           13.2443758573388 
 5             11.7362403468148 
 6.3           8.64431486880467 
 6.1           11.3493756773727 
 4.7           3.072199026583 
 5             10.2935611704999 
 12            9.89423836318772 
 31.2          11.8750068587106 
 52.7          25.5366429111327 
 80            27.0799227745184 
 100.4         28.5556227029318 
 117.1         41.5745189504373 
 127.5         48.497387771099 
 144           53.7550054189812 
 156.8         60.2481481481481 
 167.9         79.737592212664 
 174.5         94.5041138665931 
 189.7         113.408489364 
 195           155.531494958948 
 209.2         192.023906905502 
 216.4         245.316501457726 
 234.8         290.250054869685 
 245.8         354.805343395442 
 260.6         384.443143289062 
 271.3         434.774230804609 
 291.4         467.429382196147 
 302.4         499.969373717741 
 317.2         515.884981623455 
 330           528.936982167353 
 343.7         537.286151603499 
 353.2         549.323266185957 
 365.6         549.109102168792 
 378.1         555.484435806068 
 389.2         558.68004335185 
 399.5         566.486701060201 
 412.4         569.065185185185 
 425.4         567.856271980868 
 437.3         580.270737701312 
 447.2         579.659358600583 
 460.7         581.992910932745 
 473.8         586.722170951861 
 486.9         588.517914911997 
 497.2         587.900919067215 
 509.6         589.991959671582 
 522.7         599.00181297916 
 536           602.161255244014 
 546.1         607.121062720209 
 559.4         607.322011661808 
 572.4         617.324878322875 
 584.6         616.380438957476 
 595.9         616.859469819674 
 609.2         618.982747163533 
 622.4         626.491047243118 
 628.9         627.175146312493 
 644.4         625.165820625722 
 658.7         629.45384643687 
 670.2         635.09 
 675           630.59 
 676.6         637.3 
 665.6         629.98 
 658.2         629.29 
 645.7         626.93 
 631.8         637.38 
 623.8         625.1 
 608.1         633.11 
 599.1         625.1 
 587.5         627.46 
 573.8         630.05 
 565.4         627.84 
 550.5         630.05 
 541.4         627.84 
 529.9         625.93 
 515.6         630.05 
 507.8         625.1 
 492.8         628.53 
 484.4         627.84 
 472.6         625.1 
 458.7         625.78 
 451           625.1 
 435.5         625.17 
 427.5         625.1 
 416           625.1 
 401.9         626.09 
 393.9         609.76 
 379.4         625.17 
 370.9         625.1 
 358.6         625.1 
 345.3         613.88 
 336.9         617.77 
 322.2         620.29 
 314.7         610.37 
 302.7         615.41 
 289.6         613.57 
 281.1         609.76 
 267.2         613.57 
 258.6         605.56 
 247.2         612.51 
 234           610.52 
 225.4         608.31 
 210.9         610.52 
 204.4         605.87 
 192.5         603.05 
 179.4         606.17 
 171.7         599.92 
 157.8         601.37 
 150.7         600.53 
 140           597.25 
 126.7         599.23 
 120.9         596.26 
 107.4         596.41 
 101.4         580.46 
 93.2          592.75 
 83.6          591.91 
 79.9          590.91 
 71.8          591.53 
 68.7          590 
 63.7          587.25 
 56.3          586.72 
 38.5          581.07 
 35.7          579.699883141969 
 33.6          580.389065135754 
 29            586.636844833171 
 29.8          574.812521086036 
-0.7           577.925392746164 
-1.1           574.104758665371 
 2.2           577.449917695473 
-2.3           572.160168688287 
 0.8           569.844810495627 
 3.2           577.52314196931 
 0.8           574.054461961151 
 3.2           577.438069322967 
-0.3           580.973262906574 
 4             574.419341563786 
 3.3           576.02560414642 
 2.7           574.341349506293 
 3.3           575.845876495219 
 1.6           572.758483965015 
 4.5           573.408470767496 
 3.4           576.555135754478 
-3.4           573.127777777778 
-25.1          566.93569568921 
-57            561.038188340592 
-81.2          545.124554583738 
-102.3         537.054093270465 
-120.5         528.816103252589 
-136.8         517.049883381924 
-150.8         505.414732510288 
-159.6         485.899949489496 
-168.1         447.524833171364 
-175           394.938682407707 
-183.7         319.900796050343 
-197.6         227.280472951085 
-214.1         139.917011961751 
-240           84.6397119341564 
-265.8         60.8478717201166 
-279           44.6607901714478 
-291.9         39.5177661399657 
-300           32.5880984774862 
-309.3         30.9010860358253 
-321.5         21.0960276667986 
-332.1         20.7122222222222 
-346           20.7689685539119 
-354.7         17.9655655136834 
-365           4.00131195335277 
-378.4         1.82550672473575 
-388.7         7.47744867964822 
-404.8         2.63643666990606 
-417.2        -5.3582304526749 
-427.5        -3.08725383627878 
-440.9        -7.72133462908973 
-457.1        -6.5911739792919 
-467.7        -10.3774730350694 
-479.7        -11.0009329446064 
-492.8        -8.22225485608706 
-503.9        -20.7521399176955 
-519.6        -24.6912892776158 
-533.5        -26.9204040840322 
-542.4        -30.2601854851288 
-555.3        -33.1713346290897 
-570.5        -37.6645526640991 
-582.1        -37.3905407383412 
-594.3        -43.95 
-609.7        -38.38 
-607.2        -44.94 
-604.7        -45.93 
-599.4        -44.94 
-593.2        -45.32 
-575.9        -47.07 
-569.2        -38.3 
-555.4        -44.56 
-547.2        -38.38 
-529          -44.63 
-521.9        -34.03 
-507.9        -45.78 
-500.1        -42.88 
-482.2        -44.94 
-474.9        -34.1 
-461.1        -40.97 
-447.6        -38.91 
-435.3        -44.63 
-428.1        -38.15 
-414.2        -38.68 
-401.2        -38.3 
-391.8        -36.24 
-381.2        -34.03 
-368.4        -44.18 
-354.4        -34.03 
-343.2        -36.16 
-332.7        -32.81 
-321.5        -36.24 
-310.6        -33.27 
-298.3        -30.75 
-287.6        -32.65 
-274.6        -31.28 
-264.2        -27.92 
-253.1        -31.28 
-241.1        -27.16 
-229.7        -30.67 
-219.3        -29.22 
-206.5        -25.79 
-197.3        -24.34 
-184.8        -23.96 
-172.6        -17.78 
-167.4        -11.22 
-153.4        -20.45 
-142.6        -19.07 
-130.6        -18.08 
-125.4        -18.46 
-111.1        -17.78 
-103          -25.79 
-94.3         -8.47 
-89.3         -8.7 
-77.7          0.08 
-74.6         -9 
-66.5         -8.32 
-64.9         -3.81 
-55.4          0.08 
-53.1         -4.12 
-48           -5.57 
-47.3          4.96 
-39.2          0.08 
-6.2           5.04 
-3.9           2.82 
