 6.7           8.93 
 3.5           15.4101260163089 
 8.1           11.2210081304715 
 5.3           14.8034024403412 
 6.1           9.84806504377177 
 5.6           10.6957520386167 
 7.2           11.2472195227297 
 3.5           15.6032235939643 
 4.6           12.9545203501742 
 5.6           14.8218658892128 
 4.7           8.67601630893392 
 3.1           15.577727707191 
 4.7           10.3677561818378 
 11.4          15.0768578307278 
 31.8          19.9557887517147 
 55.8          20.875305042652 
 80.4          24.2461628013933 
 101.2         39.7591181257923 
 116.1         42.6249271137026 
 130           51.8343458629778 
 143.2         53.3481304714714 
 155.9         65.557037037037 
 168.5         77.4818216575284 
 177.2         91.483240430799 
 188.3         104.742049454703 
 197.5         149.909004827093 
 207.6         191.274862645823 
 219.9         239.300379008746 
 234.2         288.796310013717 
 249.3         345.113411758589 
 256.5         384.122440341216 
 274.5         428.64415185945 
 289.9         456.869302411147 
 304.7         494.278648094158 
 314           512.932945006339 
 331.3         534.512949245542 
 342.4         536.669416909621 
 355.4         544.96310409643 
 361.9         551.444766903822 
 378.3         555.665161429651 
 386.4         570.365043771771 
 401.7         567.095170028035 
 408.8         564.616296296296 
 425.3         570.869178674409 
 435.2         582.804573260227 
 447.6         570.963236151604 
 456.9         584.635923446392 
 474.9         589.503391242446 
 484.1         599.96639563762 
 496.9         591.095692729767 
 509.4         596.98203861674 
 522.8         594.656189396394 
 532.9         604.438901166581 
 546.7         602.660930025155 
 559.7         606.563032069971 
 571.3         609.815963398881 
 582.2         622.810480109739 
 596.1         613.4873383004 
 609.1         617.557294068715 
 621.7         619.54110351254 
 631.3         624.389522729727 
 644.8         634.47330781813 
 658.2         630.793214875603 
 670.4         627.84 
 677.9         625.86 
 673.8         630.66 
 669           625.32 
 655.1         630.05 
 646.8         625.4 
 634.8         626.54 
 620.7         630.97 
 611           625.1 
 596.8         626.24 
 588.2         625.1 
 576.6         631.96 
 562.2         625.78 
 553.7         625.93 
 538.9         625.17 
 530.6         625.55 
 519.2         625.32 
 505.4         625.78 
 495.6         625.1 
 481.1         626.24 
 473           618.23 
 462.1         625.1 
 447.2         625.1 
 438.6         625.71 
 424.4         618.76 
 416.3         617.77 
 404.2         625.32 
 390.5         625.1 
 382           617.39 
 367.1         620.29 
 359.2         615.79 
 347.5         615.56 
 333.7         625.71 
 325.4         616.55 
 310.5         613.88 
 303           615.63 
 292.1         607.62 
 278           611.13 
 269           602.89 
 255.4         606.56 
 247.5         608.31 
 236.3         607.01 
 222.8         610.45 
 214           603.05 
 200.1         610.52 
 192.7         603.43 
 181.4         601.9 
 168.5         601.67 
 160.1         596.64 
 147.2         600.68 
 140.4         596.26 
 130           588.4 
 116.9         594.04 
 110.5         588.09 
 99.2          591.91 
 93.5          590.3 
 85.8          588.4 
 77.7          587.02 
 73.6          578.33 
 66.4          586.72 
 64.5          580.46 
 58.5          586.26 
 37.9          583.9 
 32.9          577.109864505473 
 33.8          576.038916043784 
 31.2          584.95634164777 
 27            586.10132835027 
-1.2           569.303063184121 
-2.3           581.200733182162 
 0.5           569.203525377229 
 2.2           576.350626802161 
-0.4           576.931224489796 
 0.8           573.994505472971 
-0.4           585.849656784524 
 2.5           569.085865457294 
 2.8           576.122318524117 
 1.1           572.918203017833 
 2.7           573.672705971277 
 1.2           572.73501441729 
 2.7           573.464315388707 
 3.3           575.479795918367 
 1.2           580.830643039109 
 3.9           565.726043783769 
-6.2           570.815185185185 
-26.8          572.687254276196 
-54.4          556.461438089639 
-84.3          551.886923658352 
-104.5         534.852898015173 
-123.4         530.01854819294 
-136.2         513.55306122449 
-149           496.385624142661 
-162.9         482.245423980292 
-167.4         449.081647770219 
-178           401.403482545281 
-183.1         327.680115338316 
-195.4         229.590733182162 
-217.1         146.194523109655 
-243.2         80.7106721536351 
-267.9         57.9183673469388 
-278.8         40.5967957224042 
-289.8         33.3851443128692 
-303           36.6726001511716 
-312.5         20.4783502701492 
-322.6         29.8815817026399 
-331.5         17.8114814814815 
-343.9         11.1272366395118 
-359.4         13.6380342095686 
-367.4         10.0030612244898 
-381.2         11.3815047171132 
-391.8         5.84255172027659 
-403.1        -3.76461073318217 
-420.2        -5.26079561042524 
-430.8        -8.61681587861482 
-443.7        -3.17348450491308 
-454.5        -15.5416144564822 
-465.6        -15.9720187004843 
-484.4        -6.60551020408164 
-493.3        -14.8329019344363 
-506.7        -18.1450068587106 
-517          -27.1526379440665 
-531.4        -34.7566081576664 
-546.9        -31.9477304666723 
-555.9        -40.4068178382464 
-569.2        -34.954683239551 
-581.7        -42.8221396377481 
-593.2        -45.32 
-606          -42.42 
-608.6        -45.93 
-605.9        -47.91 
-602.7        -41.12 
-590.7        -37 
-579.3        -41.43 
-570.4        -44.02 
-555.9        -38.53 
-543.6        -42.42 
-530.5        -42.88 
-519.6        -39.75 
-511.2        -45.63 
-492.2        -41.89 
-483.6        -41.12 
-473.3        -37.61 
-464.3        -34.03 
-449.3        -43.95 
-437.5        -38.61 
-426.3        -35.33 
-416.5        -33.42 
-402.4        -29.07 
-392.9        -28.53 
-379.5        -37.31 
-370.3        -31.59 
-355.5        -39.75 
-346.5        -28.53 
-332.3        -34.18 
-324.7        -30.67 
-308.7        -44.56 
-301.1        -28.53 
-286.8        -31.36 
-273.3        -32.04 
-262.4        -27.54 
-256.2        -22.43 
-242.3        -26.47 
-229.4        -23.65 
-218.2        -30.67 
-209.8        -21.97 
-197          -23.88 
-185.8        -22.43 
-174          -19.07 
-164.2        -18.01 
-153.5        -16.56 
-142.6        -19.84 
-133.8        -12.13 
-123.6        -13.12 
-111.8        -14.19 
-103.6        -12.51 
-94.9         -11.75 
-85.9         -9.46 
-78.6          0.08 
-71           -8.32 
-66.3         -6.87 
-61.4         -7.32 
-55.8          0.08 
-51.4         -5.49 
-51.2         -4.12 
-43.8         -2.75 
-39.5          0.08 
-3.9           1.45 
-7.9           5.65 
