 8.9           5.65 
 10            13.6600781053162 
 5.6           15.4106248425296 
 6.8           12.2821088435374 
 7.5           11.7549987402368 
 6.7           13.2097631645251 
 3.8           15.4268707482993 
 6.1           9.10679012345679 
 5.8           10.5699899218947 
 6.4           7.7669387755102 
 5             11.9781053162006 
 4.9           12.3839581758629 
 7.4           10.8149659863946 
 20.1          19.7815973796926 
 44.4          21.2743209876543 
 70.3          22.6136054421769 
 94.9          31.5999193751575 
 113.8         37.3837314184933 
 128.1         46.5355102040816 
 143.4         47.3857243638196 
 155.7         69.0648425296044 
 168.8         72.7433333333333 
 179.3         90.8616654069035 
 192           116.160307382212 
 201.5         156.339727891156 
 207.7         202.180395565634 
 224.6         251.932779037541 
 241           302.907346938776 
 256.1         364.504567901235 
 265.6         402.464910556815 
 285.6         443.028843537415 
 301.3         473.986835474931 
 317.7         504.81935500126 
 327.6         521.466870748299 
 345.1         531.879851347947 
 354.7         546.118765432099 
 369.5         544.964081632653 
 376.7         556.496268581507 
 394           555.065794910557 
 404           566.933129251701 
 417.2         564.628740236835 
 427.3         576.763096497858 
 445.2         572.286666666667 
 455.1         578.279919375158 
 469.6         575.903323255228 
 482.4         580.407346938776 
 496.6         585.092459057697 
 508           594.13912824389 
 521.8         588.867823129252 
 535.8         595.299012345679 
 548.4         598.543164525069 
 560.2         602.11074829932 
 574.6         597.012232300327 
 589           603.22808515999 
 601.4         606.568775510204 
 612.5         608.794771982867 
 627.2         603.716543209876 
 640.6         610.334557823129 
 655.1         623.549284454522 
 665.9         613.901191735954 
 679.3         611.22074829932 
 693.3         619.098422776518 
 707.8         631.804683799446 
 720.8         632.04 
 729.5         632.8 
 728.8         636.23 
 719.3         632.72 
 708.3         634.86 
 695           631.96 
 682.2         633.41 
 670.7         629.22 
 656.8         632.8 
 644.5         634.86 
 631.1         630.66 
 620           632.72 
 607.8         634.86 
 594.6         625.4 
 582.3         629.22 
 570           630.66 
 557.5         628.45 
 546.3         626.47 
 533           627.92 
 521.7         628.91 
 508.8         625.78 
 496.7         627.54 
 485.6         625.25 
 471.5         625.4 
 460.2         626.77 
 447.2         625.78 
 435.4         625.4 
 425.1         625.25 
 411           615.25 
 399.7         625.1 
 386.4         625.1 
 374.8         613.88 
 363.3         616.7 
 350.4         625.1 
 339.3         619.45 
 327.3         620.82 
 315.3         613.19 
 304.1         616.55 
 291.6         613.8 
 280.6         615.48 
 267.3         612.35 
 256.4         609 
 245.4         606.94 
 232.2         605.56 
 222           599.92 
 208.7         602.59 
 197.8         603.5 
 186.8         597.48 
 174.7         603.43 
 164.3         607.24 
 153.4         601.37 
 141.6         594.35 
 132.2         597.02 
 121.6         593.74 
 112.6         597.17 
 102.7         592.82 
 95.3          589.47 
 89.1          595.8 
 80.9          589.47 
 76.4          590.15 
 70.5          590.99 
 65.2          588.47 
 40.2          583.13 
 37.9          580.459910616804 
 34.6          582.369284934432 
 29.2          581.147586653709 
 30.2          580.224279475459 
-1             576.258827100505 
-1             578.690693229673 
-0.1           576.459341563786 
-2.4           577.214235803669 
 2             574.214839650146 
 1.1           568.470616804041 
 2.2           573.701030966178 
 1.1           573.285545837383 
-2             572.173625118478 
 2.7           569.234732510288 
 2.1           573.068331713638 
 2.7           573.763886429351 
 3.1           571.170860358253 
-0.4           576.428717201166 
 2.8           569.926920658916 
-3.9           575.554934432327 
-24.9          566.202222222222 
-55.5          557.998247729427 
-88            551.452474654765 
-106.5         529.174366699061 
-125.5         532.753387563138 
-140.8         509.229000947822 
-154.8         498.210670553936 
-168.4         472.757860082305 
-171.6         420.730033233752 
-179.3         365.946653709103 
-189.5         270.097185209181 
-207.9         173.09109143481 
-238.7         99.4778360868157 
-261.9         59.3568828660212 
-280           46.827695473251 
-293.1         37.7197376093294 
-302.9         36.0624729750807 
-316.5         34.315365271329 
-325.4         23.2278781988986 
-336.7         24.8694754586138 
-348.9         16.1896207512988 
-361.5         14.7377777777778 
-377.4         17.3834102388751 
-387.9         12.2959818354149 
-400.9         7.95495626822158 
-414.2         1.44979723811923 
-426.6         2.38996844593216 
-445.4         0.944933592484611 
-452.9        -6.31584362139918 
-467.7        -4.84289949489496 
-481.6        -9.03677032717849 
-494.8        -11.0379924174255 
-511.2        -13.2271020648118 
-520.7        -20.7846355685131 
-535.3        -22.5011292277052 
-548          -22.6371193415638 
-561.4        -24.8731422092647 
-578.6        -23.9997341299836 
-589          -30.1874314028963 
-602.4        -28.9967703271785 
-615          -39.438287202006 
-629.8        -39.3125183265546 
-644.6        -47.38 
-655.4        -50.2 
-660.9        -47.38 
-659.4        -50.2 
-650.9        -48.75 
-639.1        -50.89 
-624.8        -54.4 
-617.6        -52.64 
-600.5        -51.58 
-588.1        -53.25 
-575.8        -47.38 
-565.8        -38.99 
-548.6        -47.07 
-539.1        -50.2 
-524.2        -44.63 
-516.1        -42.88 
-500          -47.38 
-490.6        -34.03 
-473.4        -44.63 
-467.8        -36.55 
-449.3        -45.85 
-440.3        -37.08 
-425.9        -44.56 
-416.3        -33.49 
-398.5        -44.56 
-390.7        -34.03 
-376.1        -44.56 
-361.6        -38.91 
-349.3        -39.75 
-340.2        -33.42 
-325.7        -35.17 
-311.5        -37 
-300.2        -36.24 
-291.4        -32.04 
-277.6        -34.79 
-265.7        -32.2 
-253.3        -30.67 
-241.1        -29.22 
-229.7        -38.61 
-217.1        -23.5 
-206.2        -26.47 
-194.2        -27.16 
-182.8        -30.52 
-170.2        -22.43 
-159.4        -19.15 
-147.5        -22.28 
-136.2        -17.01 
-124.7        -15.34 
-117.3        -11.75 
-106.3        -9.69 
-97.1         -16.02 
-87.6         -9.54 
-85.4         -4.12 
-74.8         -9.69 
-69.5         -11.75 
-62.2         -8.32 
-62.8         -9.77 
-52.3          0.08 
-50            0.08 
-44           -7.1 
-45.2         -4.73 
-12.4          0.53 
