 9.4           7.32 
 10            4.20011717797054 
 5.6           16.7909374237643 
 6.8           13.5031638052046 
 8.8           7.32749939011466 
 6.7           2.91464724631769 
 5             10.705310441637 
 6.1           14.0001920438957 
 5.6           10.5899951209173 
 4.9           2.98542274052478 
 5             10.0371779705415 
 4.7           12.7459638787908 
 5.8           15.0024835330958 
 20.1          19.8674400012798 
 42.9          15.271536351166 
 70.3          22.7454756505777 
 93.4          30.5399609673381 
 112.2         37.5756953692706 
 126.9         49.5933819241982 
 143.1         52.5337236999444 
 156           69.3774237643323 
 168.8         77.1551851851852 
 179.2         96.2377110303263 
 191.9         116.555704367579 
 201.5         149.859868264766 
 207.6         203.100905789712 
 224.6         251.399520010238 
 240.1         302.986413994169 
 256.3         355.902290809328 
 265.6         404.027853523538 
 285.1         444.083805204622 
 301.3         480.650848920403 
 316.4         503.349687738705 
 326.8         522.801024727351 
 345           531.275562954165 
 353.5         547.794005486968 
 369.5         546.787055393586 
 376.9         557.86541574184 
 394           555.079789599555 
 403.9         564.520880034554 
 416.8         567.209390114659 
 426.7         574.576022907693 
 444.7         569.531481481481 
 455           580.776468903846 
 469.5         586.25168824261 
 482.2         582.747842565598 
 496.1         587.825634940631 
 508           598.275768435534 
 521.8         593.18894611813 
 535.1         599.815871056241 
 548.7         598.617246317692 
 559.8         607.293774970306 
 574.1         605.406160081905 
 588.9         609.045104720313 
 601.4         607.841311953353 
 612.4         615.525484848848 
 627           616.838326474623 
 640.6         623.070539898499 
 654.9         622.092828188301 
 665.7         622.225894411851 
 679.3         623.930441636972 
 693.1         629.187172931489 
 707.6         636.236791363224 
 720.8         632.04 
 730.1         632.8 
 728.8         635.01 
 719.3         633.41 
 708.3         635.01 
 695.5         632.04 
 682.5         632.72 
 671.2         626.47 
 656.8         628.53 
 644.5         634.86 
 632           631.89 
 619.7         632.72 
 608.3         634.86 
 594.6         626.09 
 582.4         626.77 
 570           630.66 
 558.2         630.36 
 547.2         626.47 
 533.7         633.41 
 521.7         625.25 
 508.9         625.93 
 496.7         627.84 
 486.3         619.45 
 472.2         625.48 
 460.2         626.47 
 447           630.59 
 436.1         615.1 
 424.3         625.1 
 411.7         625.1 
 399.8         626.32 
 386.7         625.1 
 374.9         614.03 
 364.5         616.7 
 351.4         613.88 
 339.8         615.48 
 327.8         616.17 
 316.5         613.88 
 304.1         617.01 
 291.8         613.27 
 280.6         607.24 
 267.3         611.29 
 257.3         605.95 
 245.4         605.72 
 233           605.95 
 222           605.72 
 208.9         604.57 
 198.1         608.39 
 186.9         599.92 
 176.3         599.23 
 164.3         599.92 
 152.3         601.37 
 141.5         594.35 
 132.2         585.27 
 121.6         594.35 
 112.6         595.8 
 103.2         595.87 
 94.5          591.3 
 89.1          587.71 
 82.5          588.78 
 76.6          587.71 
 70            591.6 
 65.2          587.02 
 41            586.03 
 37.9          580.99987702312 
 35            581.379016184957 
 28.9          586.026679624231 
 31.1          576.562129479658 
-1             576.474627889957 
-1             576.243436993845 
-0.5           577.447818930041 
-2.4           574.907035837263 
 0.8           569.390349854227 
 1.1           577.367023119653 
 2.2           578.846317772259 
 1.8           576.277495950761 
-0.5           576.679819793879 
 2.7           566.692551440329 
 3.1           573.024953028831 
 2.7           578.206286698101 
 3.1           572.765814586858 
-0.4           571.652798833819 
 2.3           570.236501577703 
-4.2           575.896184957228 
-24.6          565.821111111111 
-54.7          557.790542178071 
-86.4          551.503740296824 
-105.6         538.24996760609 
-125.1         525.748486244586 
-140.8         509.78855835103 
-154.2         497.16944606414 
-168.4         474.150411522634 
-172.1         427.230716865229 
-179.3         362.979624230645 
-189.7         272.836395757598 
-207.6         173.280293584806 
-238.3         98.270579850988 
-261.5         61.6165166948614 
-279.4         48.747366255144 
-293           41.0323906705539 
-303.3         34.890852079809 
-316.4         33.0820126216271 
-324.4         22.3851344347263 
-336.3         22.9494796578243 
-351.6         11.4343104296392 
-360.4         12.8588888888889 
-377.4         14.7924771742912 
-386.9         9.59433742456418 
-400.9         1.00373177842566 
-414.2         0.619922374593576 
-427.9        -2.69782864821414 
-443.8         1.73974084872044 
-454.1        -9.73810699588477 
-467.6        -3.54211004331186 
-480.7        -15.9330061548429 
-493.2        -15.1515331917599 
-511.1        -17.5484290153451 
-520.7        -21.4244314868805 
-535.3        -25.6502784676481 
-548.1        -30.97670781893 
-561.4        -30.4044574020084 
-579.4        -30.5542650781653 
-587.7        -36.9268687086828 
-602.2        -40.9030061548429 
-615          -43.1734152779277 
-629.5        -47.3188339392194 
-644.6        -46.39 
-655.5        -50.81 
-660.9        -44.63 
-659.4        -50.2 
-651          -46.69 
-638.9        -50.81 
-629          -47.07 
-617.6        -38 
-602.1        -46.39 
-588.1        -50.2 
-575.8        -44.94 
-566.9        -38.91 
-550.8        -44.63 
-539.1        -43.49 
-525          -42.19 
-517.7        -38.91 
-500          -44.63 
-490.6        -34.03 
-474.2        -44.63 
-466.3        -47.61 
-449.3        -44.63 
-439.8        -34.03 
-425.9        -38.53 
-416.3        -34.1 
-399          -39.75 
-390.9        -33.42 
-376          -35.33 
-362.1        -33.42 
-348.4        -34.87 
-340.2        -23.65 
-325.8        -35.02 
-311.4        -33.42 
-300.7        -30.67 
-291.4        -33.27 
-278.4        -34.18 
-265.9        -32.04 
-253.4        -30.67 
-241.1        -27.16 
-230.6        -26.25 
-217.1        -28.53 
-206.2        -31.28 
-194.2        -24.11 
-182.8        -21.59 
-171.9        -21.06 
-159.6        -16.63 
-148.3        -18.01 
-136.2        -16.63 
-124.7        -15.34 
-118.2        -17.01 
-107.5        -13.12 
-97.1         -12.13 
-89.9         -15.34 
-85.3         -6.56 
-75.1         -9.54 
-68.5         -11.14 
-62.2         -5.87 
-62.8          1.22 
-51.5          0.08 
-49            0.08 
-44.6          1.75 
-46.9          0.15 
-13.4          0.08 
