 9.5           14.8 
 10            11.5201220570533 
 5.6           14.8009764564262 
 7.6           12.7432955404384 
 8.9           5.65781165140954 
 6.7           8.40525713165925 
 5             15.4363643235072 
 6.6           12.321865569273 
 7             10.7424932112763 
 4.9           12.7589795918367 
 5             12.022057053274 
 5.6           19.7724579379077 
 10.9          15.6209145880574 
 31.7          19.8781593460429 
 57.8          17.4249245541838 
 84.5          25.2819425547997 
 106.6         40.3299456902102 
 123.9         42.5596663027351 
 139.8         49.8418367346939 
 154.9         59.5071893284063 
 167.9         79.1764564261919 
 179.7         99.1703703703704 
 190.8         115.129663503261 
 202.9         155.675068167185 
 214.8         198.45731670446 
 225.2         256.887141457406 
 243.8         316.715274768344 
 260.7         362.372448979592 
 277.3         424.369396433471 
 289.6         467.926849472299 
 310.8         486.025540438398 
 326.7         514.286201674085 
 342.3         532.809565521682 
 351.5         539.836364323507 
 369.4         543.677330421881 
 378.6         548.153196159122 
 394.5         562.424693877551 
 403.9         563.912555919487 
 422.2         565.10751462725 
 432.8         569.70030234316 
 447           576.061651409535 
 457.6         580.782294168696 
 477           579.352962962963 
 488.2         590.934390134655 
 502.7         581.707308026091 
 516.7         592.352448979592 
 532           589.820545337477 
 544.1         599.542329442065 
 559.1         599.838533635677 
 573.9         605.349890260631 
 587.5         604.727131659248 
 599.6         616.870990173847 
 615.3         613.262198146748 
 630           614.041487920271 
 644.1         613.569591836735 
 655.4         623.047242238459 
 670.7         620.135171467764 
 685.5         623.364111866969 
 700.2         632.124795778394 
 712.5         630.857955544358 
 726.6         632.234323507181 
 741.8         638.224632009182 
 757.7         641.979613392682 
 770.7         635.7 
 780.8         633.41 
 779.4         638.68 
 768.4         633.41 
 756.8         636.23 
 742.8         635.55 
 729.1         633.41 
 716.1         636.54 
 701.7         633.41 
 687.9         636.54 
 674.8         635.55 
 661.1         632.8 
 649.2         635.01 
 634.6         644.93 
 622.4         634.86 
 608.5         630.82 
 596.2         627.92 
 583.4         629.22 
 568.9         632.72 
 556.9         634.86 
 542.6         632.04 
 530.1         632.72 
 518           634.86 
 504.5         632.42 
 491.5         625.25 
 478.2         630.66 
 465.4         627.84 
 453.5         625.25 
 440           626.09 
 427           625.25 
 413.7         625.78 
 401.2         625.1 
 389.1         625.1 
 374.8         625.4 
 363.6         610.37 
 349.3         625.17 
 336.9         618.76 
 326.4         616.7 
 312.1         620.52 
 300.1         616.7 
 286.3         612.51 
 273.3         613.88 
 263.7         616.55 
 248.8         613.27 
 237.7         609.68 
 224.3         605.18 
 211.8         608.31 
 201.5         604.8 
 188.3         603.43 
 175.8         599.92 
 165.2         596.48 
 153.1         594.96 
 142.9         597.48 
 129.7         599.23 
 120.5         597.17 
 109.3         600.76 
 101.4         594.35 
 96            597.17 
 85.9          593.66 
 81.5          590.15 
 75.4          591.6 
 69.3          588.85 
 42.9          587.25 
 40.8          586.339872463977 
 38.1          586.028979711814 
 31.8          587.016556527373 
 32.2          580.831837694513 
-2.5           577.704057997097 
-1.1           576.542452218983 
-0.8           578.056255144033 
-3.2           581.164701556108 
 0             579.147026239067 
 1.1           572.702463976772 
 2.2           569.310249553084 
 1.8           576.269617751863 
-2             576.669803356969 
 2.3           568.900041152263 
 2.4           577.059565921607 
 2.8           573.60761244886 
 3.1           575.863415517883 
-1.4           578.576209912536 
-0.7           573.485230416682 
-20.1          571.579711814179 
-52            565.628888888889 
-82.2          547.061996424672 
-109.7         541.678269205389 
-126.1         528.416942014901 
-144.6         507.357249637068 
-157.8         497.118426855751 
-168           462.669708454811 
-178.2         408.130329218107 
-183.8         329.539523929501 
-198           232.846527372854 
-221.7         135.440574332026 
-252.8         76.0808995908769 
-279.6         59.6567379332685 
-290.7         46.7973241430611 
-302.9         35.1218930041152 
-314.2         32.2696793002915 
-326.3         28.0299178154507 
-342.1         27.3318433334533 
-351.7         19.67469063816 
-364.3         11.6776945134315 
-379.1         11.1200897431283 
-391.6         12.2211111111111 
-409.6         10.4599934012406 
-419.7         8.74597139737729 
-434.2         3.32827988338192 
-449.4         0.176153643115095 
-463.8        -10.8011725395626 
-482.5        -6.01446388079041 
-492.4        -10.9644855967078 
-507.9        -10.7520029034541 
-520.7        -16.5377810171688 
-535.7        -21.292585153991 
-553.2        -22.7971805300603 
-563.7        -19.702332361516 
-578.8        -28.8488058644975 
-592.9        -38.957366255144 
-606.3        -31.4787787495951 
-625.2        -35.87380856399 
-635.8        -38.0232209144681 
-650.5        -41.8877810171688 
-664.3        -45.5082540882314 
-678.6        -47.7954053437954 
-694.3        -46.62 
-706.3        -53.25 
-711.7        -47.38 
-712.1        -50.2 
-701.3        -57.68 
-688.7        -50.2 
-676.4        -47.07 
-666.1        -43.79 
-647.4        -48.52 
-633          -48.37 
-621.6        -44.94 
-611.4        -43.87 
-591.4        -44.63 
-579.3        -50.2 
-566.9        -44.94 
-557.1        -42.88 
-539.1        -47.07 
-529.6        -38.91 
-512.4        -44.63 
-503.4        -38.99 
-484.1        -48.75 
-475.4        -38.3 
-458.7        -36.24 
-449.5        -38.99 
-431.3        -47.07 
-423.9        -34.1 
-406.5        -40.89 
-392.9        -38.3 
-379          -44.63 
-369.5        -34.03 
-353.3        -43.34 
-338.8        -38.3 
-329.1        -35.55 
-318.7        -28.53 
-302.3        -35.02 
-288          -36.93 
-276.6        -30.67 
-263.6        -32.04 
-251.6        -36.24 
-238.3        -28.38 
-226.7        -31.36 
-213          -27.77 
-198.7        -30.67 
-186.2        -24.26 
-175.2        -19.46 
-164.7        -18.01 
-151.6        -23.96 
-140.4        -18.08 
-130.3        -16.63 
-119.7        -17.4 
-108.6        -18.46 
-98.4         -17.78 
-93.8         -11.14 
-84           -18.23 
-77.2         -17.01 
-69.1         -9.54 
-68.4         -8.7 
-58.6          0.08 
-54.8          0.08 
-48.6         -5.57 
-50.2         -4.12 
-25.1          0.08 
