 8.9           11.29 
 7.8           12.2801159382036 
 8.9           14.8009275056289 
 7.6           13.2831303314977 
 7             11.2974200450315 
 6.7           8.40449227545222 
 8             11.7750426519814 
 6.7           12.7097668038409 
 5.7           11.3493603602523 
 6.7           12.7545189504373 
 6.3           11.3359382036177 
 6.4           13.4343137490152 
 9.6           11.4903412158514 
 30.1          8.64471623334813 
 58.5          21.608134430727 
 79.7          28.3112914372098 
 104.6         31.2248828820182 
 123.9         43.0696043943739 
 140.9         53.7761516034985 
 150.3         64.3452201386139 
 167.9         70.5875056289418 
 179.7         86.9837037037037 
 191.4         117.434509992121 
 198.8         158.730620123417 
 217           200.812729726811 
 227.7         261.291534431527 
 245.5         309.587729866785 
 257.4         369.572011661808 
 277.3         414.465075445816 
 291           462.587616848033 
 308.6         491.500331497678 
 322.2         516.313915023975 
 342.2         525.589063056145 
 353.5         542.05647122341 
 367           542.216835154991 
 380.5         552.62085048011 
 394.5         556.189212827988 
 406.9         563.292617827848 
 420.3         564.621761108912 
 434.7         569.177338300399 
 447.9         574.840045031534 
 460.2         581.280576931537 
 475.4         577.98962962963 
 489.9         582.507898755034 
 504.5         584.086079936972 
 515.5         588.584868804665 
 530.1         591.674960987334 
 546.1         598.067052114203 
 560.4         601.601837814491 
 572.2         601.120013717421 
 586.5         603.272275452215 
 601.7         606.979318648094 
 616.1         610.04183893428 
 628.8         603.520531939995 
 643.1         612.606093294461 
 658.5         616.769218626898 
 671.7         626.230603566529 
 685           623.600943742576 
 700           626.120934784261 
 714.3         630.591272320804 
 722.7         631.602651981427 
 740.6         629.055769395354 
 756.4         633.501320191804 
 769.2         636.92 
 776.5         645.31 
 777.3         635.32 
 764.7         635.55 
 755.2         638.83 
 741.4         641.73 
 725.2         640.35 
 714.7         637.61 
 697.2         640.35 
 686.5         637.61 
 673           636.84 
 657.8         638.29 
 648.2         635.32 
 630.7         639.82 
 620.2         635.78 
 607.1         635.09 
 591.6         636.01 
 581.9         634.86 
 565.3         633.41 
 554.7         630.28 
 541.5         634.86 
 526.9         626.24 
 516.5         630.28 
 499.6         630.97 
 490           634.86 
 476.3         630.74 
 460.9         630.97 
 451.9         625.4 
 435.1         630.97 
 425.6         625.4 
 412.3         626.32 
 397.2         630.05 
 387.7         625.4 
 371.6         625.48 
 361.7         625.1 
 348.8         615.33 
 333.6         625.1 
 324.1         625.1 
 308.2         613.88 
 298.8         625.1 
 285.5         616.78 
 270.6         625.1 
 261           609.68 
 245.7         613.88 
 236.4         615.33 
 223.8         615.33 
 208.6         610.52 
 199.5         608.46 
 184.1         605.64 
 174.6         606.02 
 163.2         603.05 
 148.1         601.83 
 140.4         606.1 
 125           603.2 
 118.9         598.7 
 109           596.03 
 98.3          594.04 
 92.7          596.1 
 82.6          596.79 
 80.4          585.96 
 73.4          597.09 
 65.4          594.04 
 42.9          589.85 
 41.6          589.389878582826 
 38.5          587.409028662611 
 32.9          586.716721736314 
 32.1          586.402229300891 
-0.7           580.064822853304 
-1.2           579.063773890509 
 1.3           577.598353909465 
-2.3           586.657834407132 
 0.8           578.921486880466 
 2.2           579.958582826429 
 0.8           578.928393741976 
 2.3           579.870191124069 
-0.3           585.843246469664 
 2.5           574.48683127572 
 3.8           576.010217039197 
 4             574.322675257052 
 3.3           575.823477426244 
 1.6           585.401895043732 
-1.1           573.297199606474 
-20.1          575.298662611429 
-50.2          565.685555555556 
-82.1          556.817149935812 
-109.4         542.512717249157 
-124.5         528.581528992549 
-144.6         519.892856662947 
-157.4         495.92597175731 
-168.1         460.880145772595 
-178           413.144650205761 
-183.1         336.788756553768 
-196           232.861736313573 
-221.8         133.562860982135 
-249.8         83.9914020564134 
-279.6         65.9866310333657 
-292.2         46.9578194099509 
-302.3         43.7042386831276 
-313.9         36.2251603498542 
-325.8         27.3398559070895 
-341.9         23.5475968517919 
-352.7         20.71765468092 
-364           21.7593008914324 
-378.1         18.8718069802877 
-392.2         12.2944444444444 
-408.5         15.5264847808612 
-422           2.32719948649654 
-434.3         2.89586005830904 
-448.7        -3.42826200674273 
-464.9        -1.3858952117002 
-479.4        -2.74776805960479 
-493.3        -6.57460905349794 
-505.6        -5.18714669642107 
-523.5        -13.2861094914156 
-535.8        -17.762225941523 
-553.1        -22.0462245497846 
-563.9        -25.378833819242 
-577.9        -25.7707822529364 
-591.8        -27.5827983539095 
-607          -30.8056106252025 
-625.3        -36.1999475698569 
-635.9        -36.7665376909141 
-650          -41.5661094914156 
-665.2        -39.3893914744028 
-677.5        -44.1971121429171 
-693.1        -47.07 
-711.4        -47.76 
-714.9        -48.6 
-711          -54.93 
-700.9        -47.07 
-693.4        -38.91 
-675.8        -54.4 
-660.2        -38.99 
-646.2        -47.38 
-638.7        -45.63 
-618.8        -48.6 
-609.7        -51.58 
-592.5        -48.22 
-584.3        -38.99 
-564.2        -47.07 
-553.6        -38.91 
-540.6        -45.09 
-523.3        -46.69 
-511.8        -47.38 
-502.3        -33.27 
-486.1        -44.63 
-471.6        -43.18 
-461.1        -50.2 
-453.2        -38.3 
-431.7        -41.12 
-420          -38.99 
-405.7        -41.12 
-393.4        -37 
-380.1        -31.36 
-365.6        -38.91 
-354.7        -41.12 
-339.9        -36.93 
-328.3        -38.61 
-314.8        -28.53 
-303.8        -31.36 
-288.9        -32.12 
-276.6        -31.28 
-262.4        -28.76 
-249.9        -30.67 
-238.8        -28 
-226.6        -30.67 
-212.5        -27.85 
-205.1        -23.35 
-188.4        -22.35 
-175          -23.96 
-162.1        -24.41 
-155.7        -18.46 
-138.4        -25.1 
-128.4        -19.46 
-118.3        -15.64 
-112.7        -14.5 
-98.4         -17.78 
-92.7         -4.12 
-82.6         -9.69 
-80.5         -11.14 
-68.1         -15.64 
-68.4         -4.12 
-59.8         -11.83 
-58           -4.12 
-48.6          0.08 
-49.1         -3.97 
-31           -5.57 
