 27.9          8.39 
 23.1          15.4101440129256 
 23.2          10.3011521034046 
 21.2          10.5338883489904 
 20.4          12.6792168272365 
 18.9          11.1580016156963 
 18.3          19.6411067919231 
 17.2          10.7293964334705 
 15.5          12.7437346178918 
 14.8          10.1749854227405 
 14.3          2.96401292556999 
 13.6          15.6016812039337 
 14.5          8.02885433538495 
 30.9          12.2163963974773 
 61.1          8.78517146776406 
 88.3          14.5260436237987 
 111.9         33.4698769431347 
 131.8         32.4475355033254 
 148.4         43.4098833819242 
 166.3         56.4577846564846 
 175.4         77.9021034045599 
 190.6         105.173703703704 
 203           138.633449631469 
 218.1         194.02220526541 
 228.5         251.78083468308 
 249.3         306.750201962031 
 264.5         362.501171179818 
 283.6         413.234606413994 
 296.6         463.231371742112 
 318.8         486.242331241727 
 333.1         517.35834899039 
 351.8         526.080289065656 
 361.9         533.299015545078 
 381.1         546.495392506209 
 390.6         553.310284026603 
 405.6         553.604554183813 
 416.7         559.559067055394 
 436.8         558.384686718897 
 448.4         573.872277251877 
 463.2         565.582702731886 
 478.2         572.736827236479 
 494.6         570.77551484321 
 507.5         584.10962962963 
 523.3         581.920035673293 
 538.3         585.557597051754 
 553.3         592.213177842566 
 567.4         600.047642123281 
 582.8         595.341853971453 
 598.8         597.766677464637 
 613.8         591.152976680384 
 626.1         596.631615696249 
 642.4         605.443458589785 
 658.2         611.239369438546 
 674.4         615.100212320084 
 686.5         618.476851311953 
 702           617.700150491708 
 717.9         616.8909739369 
 734           627.730185725084 
 746.7         624.128649933812 
 762.3         635.137230640639 
 777.3         631.026791923118 
 793.1         638.248197858803 
 806.1         640.722312525245 
 823.1         644.93 
 834.9         638.68 
 829.7         635.55 
 821.7         641.42 
 805.4         641.8 
 792.8         644.93 
 778.7         644.63 
 761.4         640.43 
 749.3         636.54 
 732.1         641.8 
 720.3         633.41 
 707           638.68 
 690.6         640.58 
 678           636.54 
 661.3         640.35 
 648.4         644.63 
 636.2         638.68 
 619.3         640.58 
 607.7         634.86 
 591           640.43 
 579           637.61 
 566.3         636.08 
 550.3         630.82 
 538.4         636.08 
 521.2         632.34 
 509.6         632.72 
 497.4         624.41 
 481.6         635.55 
 470           624.94 
 452.8         630.82 
 442           623.65 
 429           624.94 
 413.1         625.02 
 400.8         620.14 
 384.5         622.27 
 373.6         623.65 
 361.4         619.45 
 344.9         622.27 
 334           619.14 
 317.6         612.51 
 305.5         614.03 
 294.9         619.53 
 278.5         620.9 
 267.6         617.01 
 251.1         611.13 
 240.8         613.88 
 228.5         615.48 
 212           612.51 
 201.5         609.68 
 186.7         616.17 
 176.3         608.31 
 164.5         604.5 
 149.9         610.52 
 139.9         599.92 
 126.2         602.59 
 117           594.35 
 108.8         597.17 
 98.8          601.37 
 93.1          597.48 
 83.7          595.72 
 80.7          594.27 
 74.2          597.02 
 46.7          586.34 
 44.6          586.719857826729 
 41.6          579.698862613829 
 38.5          580.386161321671 
-0.4           586.020900910629 
-0.4           574.802228341072 
-0.3           577.079290573372 
 0             574.771234567901 
 0             570.54720728503 
 0             563.576355685131 
 0             569.787826728575 
 0             572.030767375733 
 0             571.514324586978 
 0             575.957645322679 
 0             575.94987654321 
 0             569.450165208941 
 3.6           572.857658280243 
 0             573.431502717489 
 0             565.67084548105 
-14            571.094833531296 
-45.1          565.6726138286 
-78.2          546.333333333333 
-104.5         534.236139005867 
-124.8         527.690177806572 
-142.9         511.664596695821 
-159.2         491.038542633985 
-168.3         457.261162581435 
-177.2         396.231603498542 
-185.3         294.049012345679 
-203.9         196.812536083216 
-234.5         102.211321671526 
-265.9         61.3745160709787 
-287.3         47.0712662419465 
-300.9         35.7107191448008 
-311.4         34.2420217399129 
-325.4         28.5443209876543 
-338           32.5867638483965 
-352.7         12.7084972825109 
-367.2         15.9286682503689 
-380.9         8.35642371234208 
-394           11.4209106288018 
-406.3         5.6112759601195 
-425           2.13666666666667 
-439.1        -1.31377029118526 
-454          -5.09088795306482 
-468.2        -9.44553935860058 
-484.8        -8.18857754742108 
-501.2        -14.6808555591549 
-513.4        -15.6432264334305 
-530.1        -16.5765432098765 
-547.1        -17.6916589281215 
-561.4        -18.779426627794 
-578.2        -19.9106993485225 
-591.4        -36.4263301299356 
-607.5        -36.1171720116618 
-622.3        -23.5740780333297 
-637.1        -46.9379012345679 
-651.8        -56.9994946550049 
-668.5        -45.8197113342692 
-682.5        -51.6294043119893 
-698.4        -52.609426627794 
-713          -55.7706313213116 
-729.7        -64.5538714321708 
-743.1        -57.68 
-761.2        -55.16 
-765.7        -61.95 
-762.7        -54.55 
-752.3        -56.54 
-742.4        -55.77 
-725.5        -56.69 
-711          -51.19 
-694.2        -53.03 
-682.8        -53.25 
-666.6        -58.44 
-651.5        -58.21 
-637.3        -54.7 
-622.5        -55.09 
-609.5        -59.51 
-593.2        -58.52 
-582.1        -48.75 
-570.4        -53.56 
-551.4        -52.34 
-539.1        -55.09 
-524          -48.6 
-512.1        -50.05 
-492.8        -45.09 
-479.7        -50.81 
-465.6        -48.75 
-456.4        -50.2 
-438          -47.23 
-427.8        -38.99 
-408.2        -47.38 
-400.7        -47.76 
-380.6        -47.07 
-371.4        -38.91 
-355.6        -44.56 
-343.7        -38.38 
-325.9        -48.6 
-315.3        -38.15 
-300          -39.9 
-285.5        -38.99 
-271.2        -44.63 
-260.6        -32.04 
-247.1        -36.55 
-232.5        -34.03 
-218.2        -30.67 
-206.1        -23.65 
-193.1        -31.36 
-178.6        -38.3 
-167.4        -31.28 
-156.4        -26.86 
-144.6        -28.92 
-131.7        -23.65 
-120.3        -19.15 
-110.2        -22.28 
-100.7        -30.67 
-90.7         -22.28 
-86           -16.71 
-78.6         -17.4 
-71.7         -16.71 
-66.4         -8.32 
-60           -11.83 
-55.5         -12.51 
-50.2         -13.66 
-39.8         -15.26 
