 10            4.88 
 5.6           15.3401003811283 
 10.2          11.0608030490268 
 7.4           12.2127102904654 
 7.6           10.3064243922143 
 8.9           10.6925476410435 
 9.1           11.2416823237231 
 4.9           15.7544307270233 
 6.6           4.93139513771411 
 7.4           15.6331778425656 
 6.7           19.7103811283479 
 5.1           16.153607281831 
 15.4          5.59345858978512 
 42.7          15.6305373389803 
 70.1          27.5154458161866 
 94.9          32.0787863081741 
 116.6         39.8611611017129 
 136.4         49.4731724835731 
 152.8         59.5654227405248 
 165.2         70.498514159338 
 179.5         87.323049026783 
 192.5         118.26962962963 
 203.7         155.258858254648 
 216           206.531337188609 
 232.2         258.197668718281 
 248.3         314.078455130435 
 264.5         380.574298711842 
 281.1         431.755801749271 
 301.3         476.313566529492 
 318.8         502.268195339276 
 330.6         525.340290465393 
 349.3         532.410454194611 
 365.8         539.039288813703 
 380.9         552.257396609437 
 388.4         558.925379868585 
 406.2         562.713840877915 
 420.8         559.963381924198 
 436.8         571.734605294205 
 445.3         572.998113274704 
 464.3         573.824508152467 
 477.6         583.534392214264 
 494.6         584.708367746864 
 504.8         588.667037037037 
 524.7         585.921002371554 
 536.8         600.150866037185 
 551.6         589.5372303207 
 564           595.880697508868 
 584.3         590.811869888461 
 596.8         604.071349746248 
 611.6         602.569739368999 
 626.9         605.517641043484 
 643.8         610.485657056473 
 656.5         616.854389694737 
 672.1         613.644441245046 
 687.2         626.326413994169 
 702.1         622.570910228877 
 716.5         628.75853223594 
 732.2         624.609882302127 
 747.7         625.98556271421 
 762.5         629.616175758957 
 775           632.36232372314 
 791.3         632.314608893528 
 807.3         639.943633556891 
 821.3         641.65 
 829.2         650.5 
 830.3         644.63 
 816.5         649.59 
 806.2         645.08 
 790.9         644.86 
 774           650.5 
 762.5         637.61 
 744           649.59 
 732.7         647.53 
 718.2         645.85 
 701.7         649.59 
 690.8         639.59 
 672.8         644.7 
 661.9         639.06 
 647.6         639.97 
 630.6         647.07 
 620.1         644.63 
 602.3         644.63 
 591.6         637.76 
 577.3         641.73 
 561.2         644.63 
 550.6         638.98 
 533           639.82 
 522.3         637.76 
 508.3         636.31 
 492.1         635.55 
 481.7         634.1 
 464.4         635.55 
 453.5         635.17 
 439.6         635.62 
 423.8         630.97 
 413.1         632.42 
 396.1         630.66 
 385.5         625.55 
 371.1         634.86 
 356           630.97 
 346           627.54 
 328.1         632.42 
 318.6         625.1 
 304.7         625.1 
 289           627.61 
 278.3         625.1 
 263.2         625.1 
 252.8         617.77 
 239.6         616.78 
 223.1         626.39 
 213.7         614.41 
 197.8         613.88 
 187.5         609.68 
 174.7         612.89 
 160.7         611.13 
 151.2         615.33 
 135.7         613.27 
 127.7         603.58 
 117.6         602.74 
 105.4         603.81 
 99.9          598.7 
 89.4          601.67 
 85.8          598.24 
 79.2          602.51 
 70.9          599.23 
 48.8          597.17 
 43.5          594.349886501338 
 41.4          599.609092010702 
 36.3          601.366935536119 
-1.4           579.692736085616 
-0.6           584.945812667219 
-1.1           586.315484288954 
 2.2           584.921069958848 
-2.3           586.661888684927 
 0.8           583.887259475219 
 2.3           580.886501337749 
 2.4           588.628933280543 
 3.2           580.193874311629 
 1.1           586.470643439033 
 2.7           583.658559670782 
 3.3           580.006942014901 
 2.7           578.625109479418 
 3.3           584.402381072358 
-2.3           590.938075801749 
-14.8          583.191512675617 
-44.6          576.732010701988 
-78.3          565.758888888889 
-105.5         555.681466244346 
-127.8         541.389061776386 
-143.7         526.170994493035 
-160.2         500.17658340232 
-171.9         467.155147512268 
-176.5         402.366005830904 
-189.8         315.668477366255 
-204.5         200.941881126348 
-233           115.88553611921 
-266.6         73.3687613528657 
-285.9         56.630875835343 
-301.8         50.551198574668 
-313.7         37.4990485788672 
-324.8         38.0837448559671 
-339.1         37.2746064139942 
-352.2         30.1909522609749 
-367.1         28.7121014049359 
-382.9         16.2373728539035 
-395.1         22.2660856159042 
-414.1         15.2175586989646 
-425.9         12.5711111111111 
-443.7         16.3060618603702 
-454.5        -1.27827004523149 
-472.7         3.92743440233236 
-487.5         1.62249421108831 
-501.6         1.71622838906285 
-518.4         2.78795594428247 
-530.7        -5.64300411522634 
-546.6        -10.2973327814371 
-563.7        -16.4257110463233 
-576.9        -14.2088199018585 
-597.7        -11.2473403400161 
-609.5        -19.9319533527697 
-622.8        -23.8433399320928 
-639.7        -26.2621810699588 
-653.1        -29.3391577583414 
-672.2        -26.264950989214 
-683.1        -35.1402417545501 
-699.8        -34.0557110463233 
-714.1        -37.892039856507 
-730.6        -43.9099091770747 
-746.2        -47.38 
-765.7        -52.64 
-762.4        -56.84 
-760.9        -50.89 
-754          -48.6 
-744.6        -50.2 
-723.4        -56.84 
-713.2        -43.87 
-695.9        -47.53 
-685.8        -50.2 
-664.8        -48.6 
-654.7        -43.18 
-637.9        -48.3 
-627.4        -43.79 
-607.2        -56.84 
-598          -43.18 
-579.9        -48.45 
-564.8        -52.8 
-550.9        -48.75 
-541.3        -43.18 
-523.7        -50.74 
-506.7        -43.79 
-495.3        -50.2 
-484.5        -38.99 
-466.5        -44.63 
-453.2        -38.91 
-438.9        -38.68 
-425.8        -46.39 
-411.3        -41.12 
-396.8        -33.42 
-384          -35.55 
-369.8        -37.54 
-354.7        -38.99 
-340.2        -38.15 
-329.3        -35.55 
-315          -32.27 
-300          -38.61 
-286.7        -29.22 
-274.6        -38.68 
-260.4        -29.22 
-245.6        -30.75 
-232.2        -27.85 
-223.1        -23.35 
-207.1        -27.16 
-193.4        -26.4 
-179.4        -25.1 
-172.3        -23.35 
-154.5        -28.76 
-143          -25.79 
-130.6        -18.08 
-125.4        -13.89 
-109.1        -15.79 
-103.8        -9 
-91.5         -15.34 
-87.4         -11.14 
-75.9         -15.34 
-74.5         -4.12 
-66.1         -11.67 
-64.5         -3.81 
-54.9          0.08 
-53           -4.12 
-44.6          2.82 
