 27.9          8.39 
 25.1          5.65017572696333 
 23.3          9.61140581570665 
 21.1          11.2247446280099 
 22            8.40124652565318 
 19            13.9819658704164 
 18.1          8.42795702407947 
 16.7          10.1302743484225 
 16.2          8.55997220522542 
 15.9          9.96810495626822 
 10.3          13.1457269633309 
 11.7          10.0738925881934 
 20.1          8.62365619263579 
 42.9          11.906072138438 
 70            20.77219478738 
 101.5         21.5730785012418 
 123.6         28.6397776418033 
 144           41.6833465708447 
 157.8         50.9248396501458 
 178           73.4553112414866 
 188.6         96.3158157066471 
 203.4         138.577407407407 
 212.6         183.761140705547 
 234.2         236.598069962847 
 247.7         310.819249541086 
 265.5         364.695733802045 
 281.8         421.648577107504 
 306.9         464.058833819242 
 322           489.40755829904 
 340.7         516.155804908677 
 357.4         528.134628009934 
 374.3         536.795081964591 
 387.7         542.888221134427 
 402.3         547.485099881222 
 417.2         550.896772566757 
 432.2         557.934293552812 
 446.4         562.108717201166 
 463.1         566.0910978736 
 478.5         567.062489931893 
 494           576.923947737825 
 508           574.926525653177 
 525.2         579.141278039728 
 541           584.479259259259 
 557.5         588.791523673549 
 571.8         591.239125644379 
 587.8         587.773119533528 
 604.6         594.054559702776 
 621.7         593.064500513903 
 635.2         605.46399632869 
 651           595.494101508916 
 667.9         607.845870416362 
 684.2         617.050357412806 
 698.4         620.50861686003 
 715.4         619.821703119813 
 731.4         624.840670553936 
 741.3         623.586573524178 
 761.2         623.000466392318 
 778.2         631.773403520138 
 795.2         634.276439269417 
 804.3         642.340628001936 
 824.6         637.877024079473 
 840.4         648.19668186381 
 858.2         649.120655716725 
 872.6         652.94 
 885.1         648.75 
 881.3         651.42 
 870.9         658.51 
 855.7         655 
 840.4         650.5 
 825.5         654.39 
 808.8         651.57 
 793.5         654.39 
 777.6         651.42 
 762.7         648.06 
 749.3         654.55 
 733.6         650.2 
 718.6         648.75 
 702.4         650.2 
 688.1         652.26 
 674.2         648.44 
 658.2         641.8 
 643.8         648.82 
 628.1         650.2 
 613.8         647.37 
 599.9         644.63 
 585           650.12 
 569.8         646.31 
 554.4         649.59 
 540.6         645.01 
 526.8         646 
 511.4         641.8 
 498.1         644.63 
 481.6         641.8 
 467.6         648.06 
 455.4         644.63 
 439.1         640.74 
 425.1         638.98 
 411.1         639.82 
 396.3         644.63 
 383.1         636.23 
 368.5         639.74 
 354.5         635.01 
 339           630.82 
 325.1         632.8 
 312           634.86 
 296.6         630.66 
 284.5         626.77 
 269.2         625.78 
 255.7         615.1 
 242.5         625.1 
 228.2         625.78 
 214.8         625.1 
 200.9         625.1 
 187.4         613.88 
 175.2         616.7 
 161.8         611.29 
 150.7         615.33 
 137.8         612.51 
 126.8         610.83 
 117           615.33 
 107.1         611.13 
 100           606.94 
 91.7          610.52 
 85.5          605.87 
 80.4          599.92 
 44.9          601.67 
 44.9          600.909865145353 
 38.6          604.108921162821 
 39            598.536358924522 
-3.9           588.081369302571 
-6.2           594.023143169084 
-0.9           595.770871396177 
-4             591.553744855967 
-0.2           579.170954420569 
-0.1           586.161690962099 
-2.4           591.775145352674 
 1.3           586.080508464409 
-2.4           591.36697116942 
 2.2           589.393724339824 
 1.4           587.719958847737 
-2             591.144865565274 
 1.8           586.927635364552 
-2.1           591.247459117686 
-8             585.783527696793 
-35.8          581.675031973989 
-73.7          571.29116282139 
-98.6          557.771111111111 
-127.3         541.79406771527 
-142.3         533.429223505981 
-160.2         506.035769355361 
-174.3         471.692896135527 
-178.6         404.979794718593 
-193.7         310.925655976676 
-208.7         194.879670781893 
-242.3         110.541030006359 
-277.3         77.9989245221898 
-295           57.0225452015021 
-312           50.5110829164117 
-321.5         42.0737285390347 
-334.8         43.609672941487 
-353.8         41.6781069958848 
-363.4         29.418221574344 
-382.9         23.6892075489808 
-395.6         24.8702557919111 
-410.2         21.6005571752511 
-428.2         30.5893025711166 
-441.9         16.4156828516239 
-461           10.2988888888889 
-476.6         9.18811155502766 
-489.1         7.66254172215623 
-509.8         7.39137026239067 
-521.8        -0.916211952152992 
-541.5         0.798985950641281 
-554.9        -4.61384515711046 
-570.5        -4.64551440329218 
-589.3        -8.46683091578783 
-602.4        -15.7486038224814 
-625          -13.9216422512568 
-634.4        -25.566755329998 
-650.5        -23.9847521865889 
-671.9        -26.0964419489136 
-682.5        -36.192633744856 
-703.2        -29.0941367023 
-714.1        -38.0617599491296 
-731          -36.1663126132287 
-750.3        -40.2686038224814 
-761.9        -44.9494427047715 
-780.7        -46.0296383879831 
-799.3        -53.56 
-809.2        -54.4 
-815.6        -50.89 
-813.2        -54.4 
-807.1        -52.64 
-789.1        -54.7 
-777.4        -48.07 
-758.4        -47.38 
-744.6        -52.64 
-724.4        -54.4 
-713.7        -38.99 
-696.3        -49.97 
-683.1        -48.07 
-664.6        -48.75 
-654.6        -51.58 
-633.6        -48.45 
-619.2        -48.68 
-603.1        -47.38 
-592.2        -43.79 
-575.4        -46.01 
-559          -47.91 
-544.4        -45.32 
-530.2        -38.3 
-513.7        -39.9 
-500.6        -41.96 
-485.5        -41.12 
-469.4        -42.42 
-454.8        -44.63 
-439.8        -41.96 
-425.2        -38.68 
-410.5        -46.69 
-392.6        -38.68 
-380.9        -38.3 
-368.3        -36.24 
-352.3        -32.88 
-337.1        -38.61 
-324.3        -34.87 
-308.1        -31.36 
-293.8        -38.76 
-279.5        -31.28 
-263.7        -29.22 
-255.9        -33.42 
-238.3        -28 
-222.1        -30.67 
-208.7        -27.85 
-199.7        -24.26 
-181.4        -27.54 
-167.9        -19.15 
-156.8        -18.08 
-148.7        -14.5 
-132.8        -17.78 
-123.4        -22.43 
-110.1        -15.34 
-104.9        -11.14 
-91.5         -17.78 
-88.2         -4.12 
-78.4         -14.65 
-76.2         -11.14 
-64.2         -15.34 
-61.4         -4.12 
-56.4         -6.94 
-50.8          0.08 
